--------------------
BDMEP - INMET
--------------------
Estação           : CANAVIEIRAS - BA (OMM: 83398)
Latitude  (graus) : -15.66
Longitude (graus) : -38.95
Altitude  (metros): 3.87
Estação Operante
Inicio de operação: 01/01/1930
Periodo solicitado dos dados: 01/01/1970 a 01/01/2019
Os dados listados abaixo são os que encontram-se digitados no BDMEP
Hora em UTC
--------------------
Obs.: Os dados aparecem separados por ; (ponto e vírgula) no formato txt.
      Para o formato planilha XLS, siga as instruções
--------------------
Estacao;Data;Hora;PrecipitacaoTotal;TempMaximaMedia;TempMinimaMedia;
83398;31/01/1977;0000;124.2;29.467742;21.96129;
83398;28/02/1977;0000;131.5;29.178571;21.975;
83398;31/03/1977;0000;45.9;30.222581;21.522581;
83398;30/04/1977;0000;106.2;29.556667;22.14;
83398;31/05/1977;0000;95.1;27.619355;19.696774;
83398;30/06/1977;0000;270.5;26.646667;19.523333;
83398;31/07/1977;0000;113.2;26.322581;17.974194;
83398;31/08/1977;0000;36.1;26.454839;16.958065;
83398;30/09/1977;0000;106.5;26.6;19.273333;
83398;31/10/1977;0000;501;26.780645;20.512903;
83398;30/11/1977;0000;32.9;28.793333;21.98;
83398;31/12/1977;0000;206.3;29.1;21.86129;
83398;31/01/1978;0000;189.4;28.951613;22.545161;
83398;28/02/1978;0000;338.3;28.757143;22.325;
83398;31/03/1978;0000;268.7;29.122581;22.451613;
83398;30/04/1978;0000;208.8;28.306667;21.696667;
83398;31/05/1978;0000;103.9;27.925806;20.370968;
83398;30/06/1978;0000;130.2;26.266667;18.943333;
83398;31/07/1978;0000;362.7;26.490323;19.806452;
83398;31/08/1978;0000;151.8;26.193548;17.912903;
83398;30/09/1978;0000;132.3;26.3;18.99;
83398;31/10/1978;0000;72.5;27.316129;20.658065;
83398;30/11/1978;0000;69.5;27.823333;20.733333;
83398;31/12/1978;0000;73.4;28.503226;21.883871;
83398;31/01/1979;0000;121.9;28.719355;22.358065;
83398;28/02/1979;0000;118.7;29.167857;21.567857;
83398;31/03/1979;0000;157.4;29.119355;21.948387;
83398;30/04/1979;0000;196.8;28.633333;21.186667;
83398;31/05/1979;0000;59.6;28.180645;19.874194;
83398;30/06/1979;0000;119.9;25.816667;18.173333;
83398;31/07/1979;0000;78.1;25.848387;17.770968;
83398;31/08/1979;0000;160.3;26.103226;18.632258;
83398;30/09/1979;0000;67.8;26.226667;18.96;
83398;31/10/1979;0000;149.6;27.545161;21.303226;
83398;30/11/1979;0000;80.7;28.233333;21.383333;
83398;31/12/1979;0000;41.4;29.709677;21.335484;
83398;31/01/1980;0000;338.1;29.045161;22.616129;
83398;29/02/1980;0000;220.4;28.972414;22.882759;
83398;31/03/1980;0000;186.2;29.093548;21.306452;
83398;30/04/1980;0000;114.7;29.093333;21.23;
83398;31/05/1980;0000;211.9;28.122581;20.348387;
83398;30/06/1980;0000;190.7;26.696667;19.213333;
83398;31/07/1980;0000;125.6;26.345161;17.832258;
83398;31/08/1980;0000;101.2;26.477419;18.170968;
83398;30/09/1980;0000;131;26.25;19.393333;
83398;31/10/1980;0000;118.9;27.364516;19.680645;
83398;30/11/1980;0000;108.5;27.936667;20.986667;
83398;31/12/1980;0000;188.8;28.793548;22.490323;
83398;31/01/1986;0000;103.2;29.725806;;
83398;28/02/1986;0000;47.3;30.510714;;
83398;31/03/1986;0000;156;30.048387;;
83398;30/04/1986;0000;98.7;29.46;;
83398;31/05/1986;0000;93.9;28.877419;;
83398;31/07/1986;0000;105.3;25.858065;;
83398;31/08/1986;0000;39.9;26.974194;;
83398;31/10/1986;0000;175.4;27.087097;;
83398;31/12/1986;0000;49.1;29.380645;;
83398;31/01/1987;0000;94.6;29.729032;;
83398;28/02/1987;0000;123.9;30.410714;;
83398;31/03/1987;0000;157.3;29.967742;;
83398;30/04/1987;0000;163.3;29.81;;
83398;31/05/1987;0000;78.8;29.3;;
83398;30/06/1987;0000;71.7;27.703333;;
83398;31/07/1987;0000;167.2;27.36129;;
83398;31/08/1987;0000;52.3;27.387097;;
83398;30/09/1987;0000;57.4;28.193333;;
83398;31/10/1987;0000;186;29.032258;;
83398;30/11/1987;0000;106.4;29.23;;
83398;31/12/1987;0000;148.8;29.541935;;
83398;31/01/1988;0000;83.4;30.4;;
83398;29/02/1988;0000;105.3;30.848276;;
83398;31/03/1988;0000;136.5;29.951613;;
83398;30/04/1988;0000;80.3;30.186667;;
83398;31/05/1988;0000;103.3;29.467742;;
83398;30/06/1988;0000;122.5;27.253333;;
83398;31/08/1988;0000;83.9;26.129032;;
83398;30/09/1988;0000;58.6;27.3;;
83398;31/10/1988;0000;91.3;28.248387;;
83398;30/11/1988;0000;76.8;29.043333;;
83398;31/12/1988;0000;204;28.616129;;
83398;31/01/1989;0000;51.7;30.306452;;
83398;28/02/1989;0000;14.7;31.307143;;
83398;31/03/1989;0000;205.5;30.858065;;
83398;31/01/1993;0000;25;;;
83398;28/02/1993;0000;69.6;;;
83398;31/03/1993;0000;45.6;;;
83398;30/04/1993;0000;171.9;;;
83398;31/05/1993;0000;158.3;;;
83398;30/06/1993;0000;206.5;;;
83398;31/07/1993;0000;82.7;;;
83398;31/08/1993;0000;97.5;26.277419;16.322581;
83398;30/09/1993;0000;57.5;27.486667;17.863333;
83398;31/10/1993;0000;63.2;28.132258;21.016129;
83398;30/11/1993;0000;58.7;29.016667;21.633333;
83398;31/12/1993;0000;109.3;29.280645;22.512903;
83398;31/01/1994;0000;23.6;30.987097;22.790323;
83398;28/02/1994;0000;162.5;30.478571;22.560714;
83398;31/03/1994;0000;51.3;30.429032;22.887097;
83398;30/04/1994;0000;140.7;29.696667;22.296667;
83398;31/05/1994;0000;82.6;28.63871;21.054839;
83398;30/06/1994;0000;212.6;27.29;19.536667;
83398;31/07/1994;0000;118.6;26.509677;19.164516;
83398;31/08/1994;0000;79.3;26.535484;18.187097;
83398;30/09/1994;0000;88.1;26.916667;18.753333;
83398;31/10/1994;0000;217.3;27.954839;20.13871;
83398;30/11/1994;0000;114.1;28.38;21.466667;
83398;31/12/1994;0000;126.7;29.412903;22.235484;
83398;31/01/1995;0000;21.6;30.445161;22.051613;
83398;28/02/1995;0000;10.6;31.432143;22.939286;
83398;31/03/1995;0000;108.8;31.090323;22.922581;
83398;30/04/1995;0000;337.3;29.41;22.84;
83398;31/05/1995;0000;173.4;28.567742;22.012903;
83398;30/06/1995;0000;210.4;27.336667;19.033333;
83398;31/07/1995;0000;172.4;27.041935;19.719355;
83398;31/08/1995;0000;74.5;27.2;19.032258;
83398;30/09/1995;0000;40.4;27.536667;18.946667;
83398;31/10/1995;0000;129;28.803226;21.132258;
83398;30/11/1995;0000;90.3;28.686667;22.133333;
83398;31/12/1995;0000;106.2;29.177419;22.96129;
83398;31/01/1996;0000;156;30.270968;22.283871;
83398;29/02/1996;0000;72.4;30.944828;22.306897;
83398;31/03/1996;0000;78.7;31.277419;23;
83398;30/04/1996;0000;191.8;30.033333;21.716667;
83398;31/05/1996;0000;23.4;28.529032;19.570968;
83398;30/06/1996;0000;64.3;27.05;18.513333;
83398;31/07/1996;0000;114.5;26.564516;17.703226;
83398;31/08/1996;0000;50.3;25.7;17.622581;
83398;30/09/1996;0000;99.5;26.976667;19.423333;
83398;31/10/1996;0000;38.7;28.122581;21.209677;
83398;30/11/1996;0000;291.9;28.396667;22.076667;
83398;31/12/1996;0000;56.4;29.619355;22.154839;
83398;31/01/1997;0000;112.6;29.912903;22.874194;
83398;28/02/1997;0000;292.4;29.317857;22.339286;
83398;31/03/1997;0000;604.8;28.364516;22.203226;
83398;30/04/1997;0000;181.3;28.473333;21.676667;
83398;31/05/1997;0000;93.9;27.596774;19.751613;
83398;30/06/1997;0000;53.7;27.05;19.37;
83398;31/07/1997;0000;131.6;26.441935;18.187097;
83398;31/08/1997;0000;35.9;26.435484;17.158065;
83398;30/09/1997;0000;86.7;27.613333;21.033333;
83398;31/10/1997;0000;163.5;28.132258;21.977419;
83398;30/11/1997;0000;131.7;29.556667;22.48;
83398;31/12/1997;0000;81.7;30.248387;22.880645;
83398;31/01/1998;0000;116.2;30.574194;23.429032;
83398;28/02/1998;0000;44.1;31.157143;23.785714;
83398;31/03/1998;0000;166.4;30.890323;23.609677;
83398;30/04/1998;0000;84.2;30.4;22.65;
83398;31/05/1998;0000;131.7;28.754839;21.122581;
83398;30/06/1998;0000;59.1;26.993333;19.243333;
83398;31/07/1998;0000;55.6;26.957143;18.417857;
83398;31/08/1998;0000;95.5;27.203226;19.470968;
83398;30/09/1998;0000;80.7;27.71;19.573333;
83398;31/10/1998;0000;159.4;28.212903;21.809677;
83398;30/11/1998;0000;253;27.953333;22.723333;
83398;31/12/1998;0000;140.5;29.625806;23.122581;
83398;31/01/1999;0000;112.8;30.032258;22.732258;
83398;28/02/1999;0000;188.3;29.735714;22.675;
83398;31/03/1999;0000;82.3;30.075;22.607143;
83398;30/04/1999;0000;328;29.36;22.223333;
83398;31/05/1999;0000;322.7;28.093548;20.477419;
83398;30/06/1999;0000;164.3;27.643333;19.503333;
83398;31/07/1999;0000;361.2;26.970968;19.283871;
83398;31/08/1999;0000;179.6;26.141935;17.703226;
83398;30/09/1999;0000;72.5;26.836667;18.596667;
83398;31/10/1999;0000;116.2;27.029032;19.690323;
83398;30/11/1999;0000;206.7;27.606667;21.213333;
83398;31/12/1999;0000;256.8;28.929032;22.251613;
83398;31/01/2000;0000;79.1;29.690323;22.258065;
83398;29/02/2000;0000;160.9;30.186207;22.168966;
83398;31/03/2000;0000;189.4;29.648387;21.854839;
83398;30/04/2000;0000;319.2;28.9;21.296667;
83398;31/05/2000;0000;167;28.151613;19.564516;
83398;30/06/2000;0000;106.6;26.813333;18.336667;
83398;31/07/2000;0000;163.6;26.151613;17.519355;
83398;31/08/2000;0000;88.1;26.13871;17.722581;
83398;30/09/2000;0000;68;26.943333;19.05;
83398;31/10/2000;0000;93.6;28.390323;20.522581;
83398;30/11/2000;0000;128.9;28.8;22.233333;
83398;31/12/2000;0000;221.9;28.941935;22.867742;
83398;31/01/2001;0000;86.7;29.809677;21.93871;
83398;31/03/2001;0000;113.4;30.074194;22.148387;
83398;30/04/2001;0000;112.4;29.593333;21.02;
83398;31/05/2001;0000;267.2;28.390323;20.716129;
83398;30/06/2001;0000;177.1;27.45;19.176667;
83398;31/07/2001;0000;117.5;26.83871;18.6;
83398;31/08/2001;0000;130.6;26.467742;18.6;
83398;30/09/2001;0000;61.9;26.906667;19.503333;
83398;31/10/2001;0000;189.7;27.432258;20.851613;
83398;30/11/2001;0000;34.7;29.473333;22.16;
83398;31/12/2001;0000;262.3;29.125806;22.951613;
83398;31/01/2002;0000;225.5;29.119355;22.803226;
83398;28/02/2002;0000;116.1;29.785714;22.482143;
83398;31/03/2002;0000;234.4;30.080645;22.493548;
83398;30/04/2002;0000;116.5;29.68;21.926667;
83398;31/05/2002;0000;122.3;27.883871;19.941935;
83398;30/06/2002;0000;125.7;27.675;19.544444;
83398;31/07/2002;0000;174.1;26.906452;19.090323;
83398;31/08/2002;0000;110.9;26.870968;18.758065;
83398;30/09/2002;0000;193.2;27.173333;20.646667;
83398;31/10/2002;0000;17.1;28.63;20.623333;
83398;30/11/2002;0000;84.9;29.02;22.126667;
83398;31/12/2002;0000;189.3;29.893548;22.206452;
83398;31/01/2003;0000;8;31.006452;23.141935;
83398;28/02/2003;0000;119.7;30.475;22.507692;
83398;31/03/2003;0000;137.3;30.419355;22.506452;
83398;30/04/2003;0000;182.3;30.22069;22.213333;
83398;31/05/2003;0000;168.1;28.529032;20.983871;
83398;30/06/2003;0000;41.6;27.82;18.64;
83398;31/07/2003;0000;141.6;26.453333;18.545161;
83398;31/08/2003;0000;107.8;26.243333;19.274194;
83398;30/09/2003;0000;40.4;27.393333;19.523333;
83398;31/10/2003;0000;124.1;28.132258;20.454839;
83398;30/11/2003;0000;75.2;28.744828;21.655172;
83398;31/12/2003;0000;53.4;30.35;22.374194;
83398;31/01/2004;0000;140.5;29.877419;23.006452;
83398;29/02/2004;0000;108.5;30.175862;22.775862;
83398;31/03/2004;0000;242.9;29.458065;22.658065;
83398;30/04/2004;0000;42.2;;;
83398;31/05/2004;0000;50.2;28.646667;21.02;
83398;30/06/2004;0000;200.9;26.982143;19.625;
83398;31/07/2004;0000;127.1;26.386957;19.313043;
83398;31/08/2004;0000;3;;;
83398;30/09/2004;0000;38.5;27.476667;18.113333;
83398;31/10/2004;0000;93.9;28.348276;20.886207;
83398;30/11/2004;0000;178.3;28.626667;22.313333;
83398;31/12/2004;0000;21;29.9875;21.878261;
83398;31/01/2005;0000;158.2;29.964516;22.790323;
83398;28/02/2005;0000;145.9;30.289286;22.982143;
83398;31/03/2005;0000;203;30.767742;23.026667;
83398;30/04/2005;0000;316.7;29.836667;22.216667;
83398;31/05/2005;0000;178.7;28.922581;21.090323;
83398;30/06/2005;0000;472.3;27.82;19.433333;
83398;31/07/2005;0000;127.3;26.68;18.16;
83398;31/08/2005;0000;155.2;26.667742;19.274194;
83398;30/09/2005;0000;127.3;27.416667;20.693333;
83398;31/10/2005;0000;51.4;28.819355;20.809677;
83398;30/11/2005;0000;264.6;28.43;21.623333;
83398;31/12/2005;0000;176.2;29.580645;22.2;
83398;31/01/2006;0000;100.9;29.974194;22.080645;
83398;28/02/2006;0000;50.5;30.882143;22.932143;
83398;31/03/2006;0000;155.5;30.429032;23.053333;
83398;30/04/2006;0000;222.6;29.14;22.56;
83398;31/05/2006;0000;163.9;28.154839;19.809677;
83398;30/06/2006;0000;244.3;26.573333;18.982759;
83398;31/07/2006;0000;66.2;26.374194;17.283871;
83398;31/08/2006;0000;79.9;26.745161;18.841935;
83398;30/09/2006;0000;116.8;26.863333;19.483333;
83398;31/10/2006;0000;154.5;27.806452;21.519355;
83398;30/11/2006;0000;137.6;28.473333;22.48;
83398;31/12/2006;0000;65.7;29.819355;22.258065;
83398;31/01/2007;0000;60.7;30.554839;23.096774;
83398;28/02/2007;0000;299.6;29.739286;22.928571;
83398;31/03/2007;0000;165.2;29.954839;22.209677;
83398;30/04/2007;0000;198.8;29.68;21.77;
83398;31/05/2007;0000;218.6;28.093548;19.932258;
83398;30/06/2007;0000;46.6;27.44;18.023333;
83398;31/07/2007;0000;81.9;27.216667;18.13;
83398;31/08/2007;0000;91.5;26.93871;17.936667;
83398;30/09/2007;0000;80.8;27.386667;18.866667;
83398;31/10/2007;0000;186.2;27.909677;20.503226;
83398;30/11/2007;0000;206.2;28.626667;21.793333;
83398;31/12/2007;0000;200.3;29.396774;22.096774;
83398;31/01/2008;0000;147;29.567742;21.945161;
83398;29/02/2008;0000;118.3;30.227586;22.148276;
83398;31/03/2008;0000;204.5;30.635484;22.419355;
83398;30/04/2008;0000;36.7;30.86;21.976667;
83398;31/05/2008;0000;16;29.512903;19.532258;
83398;30/06/2008;0000;197;27.466667;18.94;
83398;31/07/2008;0000;96.7;26.754839;17.151613;
83398;31/08/2008;0000;66.9;27.132258;17.867742;
83398;30/09/2008;0000;45.3;27.58;19.6;
83398;31/10/2008;0000;51;28.9;20.596774;
83398;30/11/2008;0000;210.2;28.63;22.023333;
83398;31/12/2008;0000;209.4;29.2;22.429032;
83398;31/01/2009;0000;148.1;30.445161;22.803226;
83398;28/02/2009;0000;39.4;30.885714;22.428571;
83398;31/03/2009;0000;234.3;30.896774;23.019355;
83398;30/04/2009;0000;334.2;29.58;22.536667;
83398;31/05/2009;0000;179.2;28.23871;20.729032;
83398;30/06/2009;0000;229.9;27.59;19.87;
83398;31/07/2009;0000;128.4;27.732258;19.032258;
83398;31/08/2009;0000;124.9;27.644444;18.912903;
83398;30/09/2009;0000;49.6;;20.713333;
83398;31/10/2009;0000;256.9;;21.716129;
83398;30/11/2009;0000;24;;21.726667;
83398;31/12/2009;0000;5.5;;22.506452;
83398;31/01/2010;0000;39;;22.780645;
83398;28/02/2010;0000;195.7;;23.15;
83398;31/03/2010;0000;291.9;;24.151724;
83398;30/04/2010;0000;182.3;;;
83398;31/05/2010;0000;158.6;;;
83398;30/06/2010;0000;40.4;27.256667;;
83398;31/07/2010;0000;241.2;26.993548;;
83398;31/08/2010;0000;79.9;26.496774;;
83398;30/09/2010;0000;84.1;27.266667;;
83398;31/10/2010;0000;62.1;28.123333;;
83398;30/11/2010;0000;190.5;29.163333;;
83398;31/12/2010;0000;242;29.703226;;
83398;31/01/2011;0000;176.3;30.293548;;
83398;28/02/2011;0000;78.9;30.292857;;
83398;31/03/2011;0000;220.5;30.236667;;
83398;30/04/2011;0000;332.4;30.046667;;
83398;31/05/2011;0000;124.1;28.335484;;
83398;30/06/2011;0000;92.5;27.226667;;
83398;31/07/2011;0000;143.4;27.012903;;
83398;31/08/2011;0000;92.7;27.325806;;
83398;30/09/2011;0000;107.1;27.026667;;
83398;31/10/2011;0000;188.8;27.912903;;
83398;30/11/2011;0000;355.3;27.15;;
83398;31/12/2011;0000;72.8;29.135484;;
83398;31/01/2012;0000;93.2;30.106667;;
83398;29/02/2012;0000;102.5;29.837931;;
83398;31/03/2012;0000;171.5;29.664516;;
83398;30/04/2012;0000;55.4;29.893333;;
83398;31/05/2012;0000;224.9;27.96;;
83398;30/06/2012;0000;164.1;27.766667;;
83398;31/07/2012;0000;169;27.270968;;
83398;31/08/2012;0000;199.2;26.95;;
83398;30/09/2012;0000;137;27.246667;;
83398;31/10/2012;0000;82.4;28.103226;;
83398;30/11/2012;0000;178.2;28.468966;;
83398;31/12/2012;0000;23.1;30.635484;;
83398;31/01/2013;0000;205.2;30.53871;;
83398;28/02/2013;0000;135.7;30.325;;
83398;31/03/2013;0000;54.3;31.225806;;
83398;30/04/2013;0000;114.5;29.67;20.732;
83398;31/05/2013;0000;254.2;28.780645;20.309677;
83398;30/06/2013;0000;401.6;28.12;20.036667;
83398;31/07/2013;0000;254.9;27.641935;19.451613;
83398;31/08/2013;0000;221.8;27.335484;18.613333;
83398;30/09/2013;0000;246.8;27.526667;20.121429;
83398;31/10/2013;0000;215.7;27.496774;21.035484;
83398;30/11/2013;0000;241.5;28.753333;21.62;
83398;31/12/2013;0000;579.3;29.141935;22.2;
83398;31/01/2014;0000;191.3;29.877419;22.070968;
83398;28/02/2014;0000;164.1;30.221429;21.678571;
83398;31/03/2014;0000;287.8;29.803333;22.203226;
83398;30/04/2014;0000;100.6;29.853333;21.306667;
83398;31/05/2014;0000;126.6;29.016129;20.329032;
83398;30/06/2014;0000;218.5;27.926667;19.286667;
83398;31/07/2014;0000;248.5;26.993548;18.654839;
83398;31/08/2014;0000;25.7;27.2;17.6;
83398;30/09/2014;0000;43.3;27.733333;19.33;
83398;31/10/2014;0000;170.6;28.03871;19.9;
83398;30/11/2014;0000;165.7;28.48;21.253333;
83398;31/12/2014;0000;159.9;29.045161;21.370968;
83398;31/01/2015;0000;64.6;30.535484;20.890323;
83398;28/02/2015;0000;220.3;30.717857;22.089286;
83398;31/03/2015;0000;66.9;30.677419;22.074194;
83398;30/04/2015;0000;62.3;30.636667;21.44;
83398;31/05/2015;0000;373.3;28.629032;19.867742;
83398;30/06/2015;0000;415.4;;19.913333;
83398;31/07/2015;0000;98.7;;18.987097;
83398;31/08/2015;0000;184.2;;17.903226;
83398;30/09/2015;0000;4.2;;19.933333;
83398;31/10/2015;0000;55.6;;20.312903;
83398;30/11/2015;0000;8.9;;23.01;
83398;31/12/2015;0000;7.4;;22.129032;
83398;31/01/2016;0000;281.2;;23.683871;
83398;29/02/2016;0000;82.5;;22.42069;
83398;31/03/2016;0000;61.9;;22.504545;
83398;31/05/2016;0000;88.9;;19.459259;
83398;30/06/2016;0000;164.2;;18.69;
83398;31/07/2016;0000;158.7;;17.419355;
83398;31/08/2016;0000;153.3;;18.045161;
83398;30/09/2016;0000;78.6;;18.26;
83398;31/10/2016;0000;244.8;;20.248387;
83398;30/11/2016;0000;374.2;;20.886667;
83398;31/12/2016;0000;55.8;;21.351613;
83398;31/01/2017;0000;41.2;;20.580645;
83398;28/02/2017;0000;145.3;;20.846429;
83398;31/03/2017;0000;209.4;;20.410345;
83398;30/04/2017;0000;300.2;;20.235714;
83398;31/05/2017;0000;195.4;;18.912903;
83398;30/06/2017;0000;202.5;;17.286667;
83398;31/07/2017;0000;246.2;;15.874194;
83398;31/08/2017;0000;72.8;;15.022581;
83398;30/09/2017;0000;91.6;;16.903333;
83398;31/10/2017;0000;27.6;;18.680645;
83398;30/11/2017;0000;138.9;;19.13;
83398;31/12/2017;0000;94.2;;20.651613;
83398;31/01/2018;0000;129.2;;19.916129;
83398;28/02/2018;0000;190.3;;20.428571;
83398;31/03/2018;0000;283.1;;20.435484;
83398;30/04/2018;0000;157.5;;18.982143;
83398;31/05/2018;0000;439.1;;18.290323;
83398;30/06/2018;0000;229.7;;16.983333;
83398;31/07/2018;0000;127.9;;15.835484;
83398;31/08/2018;0000;104.9;;16.290323;
83398;30/09/2018;0000;150.8;;17.6;
83398;31/10/2018;0000;46;;18.906452;
83398;30/11/2018;0000;203.5;;19.686667;
83398;31/12/2018;0000;159.7;;19.676667;