--------------------
BDMEP - INMET
--------------------
Estação           : GUARATINGA - BA (OMM: 83446)
Latitude  (graus) : -16.73
Longitude (graus) : -39.54
Altitude  (metros): 194.67
Estação Operante
Inicio de operação: 10/09/1973
Periodo solicitado dos dados: 01/01/1970 a 01/01/2019
Os dados listados abaixo são os que encontram-se digitados no BDMEP
Hora em UTC
--------------------
Obs.: Os dados aparecem separados por ; (ponto e vírgula) no formato txt.
      Para o formato planilha XLS, siga as instruções
--------------------
Estacao;Data;Hora;PrecipitacaoTotal;TempMaximaMedia;TempMinimaMedia;
83446;31/01/1977;0000;154.7;30.32;20.580645;
83446;28/02/1977;0000;253.6;28.692857;20.348148;
83446;31/03/1977;0000;53.2;31.141935;20.509677;
83446;30/04/1977;0000;164.9;29.286667;20.783333;
83446;31/05/1977;0000;128.5;26.767742;18.074194;
83446;30/06/1977;0000;94.6;25.716667;17.553333;
83446;31/07/1977;0000;76.2;25.9;16.986667;
83446;31/08/1977;0000;9;27.645161;15.6;
83446;30/09/1977;0000;162.8;26.816667;18.39;
83446;31/10/1977;0000;164.3;27.006667;18.983333;
83446;30/11/1977;0000;86.8;29.386667;20.436667;
83446;31/12/1977;0000;128.2;29.858065;20.370968;
83446;31/01/1978;0000;105.4;29.429032;20.451613;
83446;28/02/1978;0000;284.1;29.433333;20.003704;
83446;31/03/1978;0000;112.6;;20.223333;
83446;30/04/1978;0000;197.1;27.865217;20.263333;
83446;31/05/1978;0000;155;27.770968;18.503226;
83446;30/06/1978;0000;73.1;24.926667;17.29;
83446;31/07/1978;0000;114.1;25.990323;18.058065;
83446;31/08/1978;0000;100.1;26.033333;16.593548;
83446;30/09/1978;0000;138.5;26.326667;17.346667;
83446;31/10/1978;0000;41.1;28.412903;19.106452;
83446;30/11/1978;0000;61.7;28.746667;19.49;
83446;31/12/1978;0000;152.2;29.193548;20.416129;
83446;31/01/1979;0000;288.4;28.674194;20.719355;
83446;28/02/1979;0000;170.8;30.089286;20.932143;
83446;31/03/1979;0000;153.5;29.109677;20.441935;
83446;30/04/1979;0000;58.6;28.716667;19.37;
83446;31/05/1979;0000;17.4;29.003226;18.735484;
83446;30/06/1979;0000;54.9;25.44;16.713333;
83446;31/07/1979;0000;17.6;26.012903;16.858065;
83446;31/08/1979;0000;57.3;26.303226;17.283871;
83446;30/09/1979;0000;33.6;27.233333;17.853333;
83446;31/10/1979;0000;93.3;28.458065;19.509677;
83446;30/11/1979;0000;98.5;29.39;20.326667;
83446;31/12/1979;0000;29.2;32.412903;20.887097;
83446;31/01/1980;0000;302.5;30;21.390323;
83446;29/02/1980;0000;200.2;31.196552;20.92069;
83446;31/03/1980;0000;76.2;29.667742;19.429032;
83446;30/04/1980;0000;82.3;29.716667;20.726667;
83446;31/05/1980;0000;170.6;27.751613;19.458065;
83446;30/06/1980;0000;70.2;25.913333;;
83446;31/07/1980;0000;107.4;26.232258;;
83446;31/08/1980;0000;95.1;26.422581;;
83446;30/09/1980;0000;57.5;26.383333;;
83446;31/10/1980;0000;71.5;29.154839;;
83446;30/11/1980;0000;104.1;29.053333;18.659259;
83446;31/12/1980;0000;178;29.916129;20.470968;
83446;31/01/1986;0000;170.5;31.406452;20.625806;
83446;28/02/1986;0000;31.8;32.567857;21.485714;
83446;31/03/1986;0000;29.8;31.86129;20.783871;
83446;30/04/1986;0000;79.7;30.886667;20.69;
83446;31/05/1986;0000;20.3;29.429032;19.480645;
83446;31/07/1986;0000;15.4;25.825806;17.33871;
83446;31/08/1986;0000;37.7;27.970968;18.274194;
83446;31/10/1986;0000;81.6;28.174194;19.06129;
83446;31/12/1986;0000;180.9;30.264516;21.183871;
83446;31/01/1987;0000;46.9;32.183871;21.132258;
83446;28/02/1987;0000;109.8;31.735714;21.421429;
83446;31/03/1987;0000;151.1;31.167742;21.7;
83446;30/04/1987;0000;71.5;29.85;20.89;
83446;31/05/1987;0000;52;28.996774;20.141935;
83446;30/06/1987;0000;10.8;27.286667;18.376667;
83446;31/07/1987;0000;47.1;27.396774;16.803226;
83446;31/08/1987;0000;21.5;27.875862;17.393103;
83446;30/09/1987;0000;67.6;29.046667;19.113333;
83446;31/10/1987;0000;20.3;31.783871;19.625806;
83446;30/11/1987;0000;190.8;29.86;20.876667;
83446;31/12/1987;0000;171.4;30.490323;20.619355;
83446;31/01/1988;0000;63.5;32.1;20.980645;
83446;29/02/1988;0000;49.1;33.548276;20.986207;
83446;31/03/1988;0000;80.8;31.519355;20.767742;
83446;30/04/1988;0000;39.5;30.963333;19.56;
83446;31/05/1988;0000;36.8;30.46129;19.887097;
83446;30/06/1988;0000;35.8;26.696667;17.406667;
83446;31/08/1988;0000;56.1;25.874194;17.090323;
83446;30/09/1988;0000;39;28.04;18.063333;
83446;31/10/1988;0000;78.1;29.290323;19.925806;
83446;30/11/1988;0000;95.4;29.296667;19.716667;
83446;31/12/1988;0000;156.1;29.93871;20.516129;
83446;31/01/1989;0000;12.8;33.067742;21.080645;
83446;28/02/1989;0000;32;34.414286;21.960714;
83446;31/03/1989;0000;134.3;31.893548;20.832258;
83446;31/01/1991;0000;16;31.582353;20.5625;
83446;31/07/1991;0000;72.9;26.083333;16.026667;
83446;31/08/1991;0000;65.1;;;
83446;30/09/1991;0000;12.6;27.822727;17.636364;
83446;31/10/1991;0000;168.1;29.9;19.045161;
83446;30/11/1991;0000;247.8;30.31;20.683333;
83446;31/12/1991;0000;57.6;32.966667;20.95;
83446;31/01/1993;0000;103.1;32.064516;20.480645;
83446;28/02/1993;0000;97.8;30.446429;20.935714;
83446;31/03/1993;0000;9.9;32.980645;20.632258;
83446;30/04/1993;0000;128.9;31.52;21.173333;
83446;31/05/1993;0000;102.3;28.209677;19.712903;
83446;30/06/1993;0000;84.1;26.293333;17.79;
83446;31/07/1993;0000;68.3;26.912903;17.412903;
83446;31/08/1993;0000;15.8;27.048387;17.103226;
83446;30/09/1993;0000;15.9;29.476667;18.996667;
83446;31/10/1993;0000;54.3;29.512903;20.232258;
83446;30/11/1993;0000;41.4;30.996667;21.066667;
83446;31/12/1993;0000;191.7;30.906452;21.196774;
83446;31/01/1994;0000;105.3;32.748387;22.306452;
83446;28/02/1994;0000;67.3;33.128571;21.771429;
83446;31/03/1994;0000;88.8;31.53871;21.722581;
83446;30/04/1994;0000;155.3;29.813333;21.2;
83446;31/05/1994;0000;75.2;28.648387;20.409677;
83446;30/06/1994;0000;33.9;27.426667;18.683333;
83446;31/07/1994;0000;101.6;25.816129;18.019355;
83446;31/08/1994;0000;35.5;26.596774;16.790323;
83446;30/09/1994;0000;26.8;27.93;17.726667;
83446;31/10/1994;0000;62.9;29.303226;19.206452;
83446;30/11/1994;0000;177.6;29.533333;20.386667;
83446;31/12/1994;0000;54;32.032258;21.567742;
83446;31/01/1995;0000;45.4;34.409677;21.532258;
83446;28/02/1995;0000;1;34.664286;22.875;
83446;31/03/1995;0000;177.2;32.406452;22.725806;
83446;30/04/1995;0000;149.7;29.74;21.896667;
83446;31/05/1995;0000;89.4;28.43871;20.809677;
83446;30/06/1995;0000;33;27.343333;17.913333;
83446;31/07/1995;0000;124.4;25.616129;18.229032;
83446;31/08/1995;0000;21.6;27.270968;17.377419;
83446;30/09/1995;0000;37.3;27.566667;18.48;
83446;31/10/1995;0000;106;29.764516;20.251613;
83446;30/11/1995;0000;278.4;28.926667;20.343333;
83446;31/12/1995;0000;234.8;30.432258;21.551613;
83446;31/01/1996;0000;39.3;32.725806;21.580645;
83446;29/02/1996;0000;45.3;34.144828;21.682759;
83446;31/03/1996;0000;53;33.683871;22.7;
83446;30/04/1996;0000;28;30.613333;21.166667;
83446;31/05/1996;0000;2.8;29.609677;18.583871;
83446;30/06/1996;0000;10.2;27.966667;18.17;
83446;31/07/1996;0000;11.6;27.567742;17.503226;
83446;31/08/1996;0000;33.7;26.041935;16.987097;
83446;30/09/1996;0000;81.3;27.733333;18.623333;
83446;31/10/1996;0000;57.1;30.409677;20.312903;
83446;30/11/1996;0000;340.8;28.71;20.966667;
83446;31/12/1996;0000;88.8;32.219355;21.512903;
83446;31/01/1997;0000;49.6;32.141935;21.958065;
83446;28/02/1997;0000;133.1;29.671429;21.167857;
83446;31/03/1997;0000;346.6;28.419355;21.148387;
83446;30/04/1997;0000;167.1;29.186667;20.226667;
83446;31/05/1997;0000;44.5;27.019355;18.235484;
83446;30/06/1997;0000;21.5;27.956667;17.56;
83446;31/07/1997;0000;44.6;26.170968;16.645161;
83446;31/08/1997;0000;12.6;27.167742;16.345161;
83446;30/09/1997;0000;21.4;29.943333;19.55;
83446;31/10/1997;0000;64.7;29.848387;20.425806;
83446;30/11/1997;0000;40.6;32.516667;21.783333;
83446;31/01/1998;0000;118.5;32.954839;22.590323;
83446;28/02/1998;0000;22.7;34.410714;22.303571;
83446;31/03/1998;0000;193.6;32.706452;22.293548;
83446;30/04/1998;0000;40.6;31.456667;21.69;
83446;31/05/1998;0000;42.2;28.606452;19.483871;
83446;30/06/1998;0000;20.4;26.596667;18.286667;
83446;31/07/1998;0000;22.1;27.151613;18.187097;
83446;31/08/1998;0000;29.4;27.951613;18.629032;
83446;30/09/1998;0000;38.4;29.016667;19.083333;
83446;31/10/1998;0000;106.2;29.887097;20.396774;
83446;30/11/1998;0000;322;28.75;21.06;
83446;31/12/1998;0000;120.3;31.512903;21.467742;
83446;31/01/1999;0000;19;32.177419;21.709677;
83446;28/02/1999;0000;82.8;32.246429;21.739286;
83446;31/03/1999;0000;176.7;31.322581;21.358065;
83446;30/04/1999;0000;61.2;29.533333;21.156667;
83446;31/05/1999;0000;34.8;27.732258;19.1;
83446;30/06/1999;0000;25.7;27.776667;18.313333;
83446;31/07/1999;0000;94.8;25.696774;17.929032;
83446;31/08/1999;0000;42.9;25.606452;16.516129;
83446;30/09/1999;0000;36.4;27.45;17.873077;
83446;31/10/1999;0000;55.9;27.1;18.744444;
83446;30/11/1999;0000;314.2;27.97;20.473333;
83446;31/12/1999;0000;304.9;30.045161;21.387097;
83446;31/01/2000;0000;167.7;30.719355;21.754839;
83446;29/02/2000;0000;113;31.6;22.058621;
83446;31/03/2000;0000;144.2;30.470968;21.374194;
83446;30/04/2000;0000;142.5;29.103333;20.86;
83446;31/05/2000;0000;54.9;27.790323;19.529032;
83446;30/06/2000;0000;28.9;27.176667;17.833333;
83446;31/07/2000;0000;72;26.167742;17.335484;
83446;31/08/2000;0000;53;26.409677;17.293548;
83446;30/09/2000;0000;96.7;26.883333;18.49;
83446;31/10/2000;0000;60.2;29.993548;19.619355;
83446;30/11/2000;0000;224.8;30.156667;21.06;
83446;31/12/2000;0000;176.7;30.141935;21.454839;
83446;31/01/2001;0000;26.6;31.706452;21.129032;
83446;28/02/2001;0000;71.8;33.703571;21.946429;
83446;31/03/2001;0000;108.2;31.174194;;
83446;30/04/2001;0000;110.8;30.026667;20.443333;
83446;31/05/2001;0000;106;28.641935;20.56129;
83446;30/06/2001;0000;96.3;26.536667;18.63;
83446;31/07/2001;0000;86.9;26.429032;17.793548;
83446;31/08/2001;0000;94.1;25.980645;17.33871;
83446;30/09/2001;0000;62.8;27.133333;18.316667;
83446;31/10/2001;0000;204.7;27.383871;19.012903;
83446;30/11/2001;0000;46;30.303333;21.576667;
83446;31/12/2001;0000;165;30.474194;22.003226;
83446;31/01/2002;0000;300.1;30.36129;21.751613;
83446;28/02/2002;0000;149.1;31.65;21.581481;
83446;31/03/2002;0000;127.5;31.06129;21.590323;
83446;30/04/2002;0000;95.5;29.726667;20.610345;
83446;31/05/2002;0000;85.4;28.517241;19.470968;
83446;30/06/2002;0000;85.1;26.086667;18.38;
83446;31/07/2002;0000;66.5;25.987097;18.26129;
83446;31/08/2002;0000;76.5;26.63871;17.9;
83446;30/09/2002;0000;158.4;26.74;19.46;
83446;31/10/2002;0000;35.1;30.093548;19.56129;
83446;30/11/2002;0000;48.3;30.256667;21.031034;
83446;31/12/2002;0000;167.1;32.812903;21.865517;
83446;31/01/2003;0000;96.8;33.206452;22.56;
83446;28/02/2003;0000;55;32.021429;21.864286;
83446;31/03/2003;0000;79.1;32.912903;22.022581;
83446;30/04/2003;0000;113.7;30.536667;21.586667;
83446;31/05/2003;0000;67.5;28.519355;19.987097;
83446;30/06/2003;0000;1.1;28.29;17.427586;
83446;31/07/2003;0000;53.4;26.251613;16.566667;
83446;31/08/2003;0000;35.3;26.570968;18.039286;
83446;30/09/2003;0000;51.7;27.47;18.437931;
83446;31/10/2003;0000;103.7;29.3;19.123333;
83446;30/11/2003;0000;78.1;29.643333;20.733333;
83446;31/12/2003;0000;56.7;32.564516;21.917241;
83446;31/01/2004;0000;171.5;30.106452;21.935484;
83446;29/02/2004;0000;189.4;30.924138;21.613793;
83446;31/03/2004;0000;313.7;29.129032;21.332258;
83446;30/04/2004;0000;104.7;29.39;21.01;
83446;31/05/2004;0000;84.5;27.796774;20.183871;
83446;30/06/2004;0000;65;26.19;18.29;
83446;31/07/2004;0000;83.9;25.290323;17.441935;
83446;31/08/2004;0000;20.5;27.190323;17.029032;
83446;30/09/2004;0000;15.1;28.77;17.483333;
83446;31/10/2004;0000;28.7;30.074194;19.264516;
83446;30/11/2004;0000;92;30.05;20.689655;
83446;31/12/2004;0000;44.8;31.545161;21.196774;
83446;31/01/2005;0000;140.8;31.823077;21.942308;
83446;28/02/2005;0000;198.6;31.457143;21.714815;
83446;31/03/2005;0000;102.2;31.516129;22.387097;
83446;30/04/2005;0000;76.6;29.863333;21.13;
83446;31/05/2005;0000;119.1;28.3;20.093548;
83446;30/06/2005;0000;114.7;26.33;19.02;
83446;31/07/2005;0000;40.4;26.345161;17.222581;
83446;31/08/2005;0000;103.9;26.441935;17.780645;
83446;30/09/2005;0000;46.2;28.183333;19.566667;
83446;31/10/2005;0000;26.7;30.845161;19.764516;
83446;30/11/2005;0000;279;28.39;20.706667;
83446;31/12/2005;0000;234.1;30.325806;21.567742;
83446;31/01/2006;0000;123;30.574194;20.941935;
83446;28/02/2006;0000;20.1;33.528571;22.032143;
83446;31/03/2006;0000;145.3;31.767742;22.490323;
83446;30/04/2006;0000;105.5;29.45;21.310345;
83446;31/05/2006;0000;17.3;27.954839;19.041935;
83446;30/06/2006;0000;90;25.69;17.84;
83446;31/07/2006;0000;39.2;25.948387;16.403226;
83446;31/08/2006;0000;67.6;26.606452;18.258065;
83446;30/09/2006;0000;54.6;27.366667;18.64;
83446;31/10/2006;0000;195.5;27.712903;20.276667;
83446;30/11/2006;0000;186.4;29.363333;21.18;
83446;31/12/2006;0000;331.8;30.258065;21.774194;
83446;31/01/2007;0000;68.6;32.290323;22.66129;
83446;28/02/2007;0000;199.4;30.628571;21.917857;
83446;31/03/2007;0000;93.7;30.53871;21.345161;
83446;30/04/2007;0000;131.5;29.973333;20.916667;
83446;31/05/2007;0000;24.7;27.848387;19.16129;
83446;30/06/2007;0000;32.2;27.223333;17.606667;
83446;31/07/2007;0000;55.2;26.403226;17.732258;
83446;31/08/2007;0000;51.5;26.322581;17.273333;
83446;30/09/2007;0000;42.2;27.09;17.9;
83446;31/10/2007;0000;43.1;28.641935;19.464516;
83446;30/11/2007;0000;177.1;30.396667;20.666667;
83446;31/12/2007;0000;170.3;30.093548;21.232258;
83446;31/01/2008;0000;86.5;30.322581;21.141935;
83446;29/02/2008;0000;126;32.262069;21.753571;
83446;31/03/2008;0000;106;31.603226;22.187097;
83446;30/04/2008;0000;3.4;32.533333;21.803333;
83446;31/05/2008;0000;3.2;30.183333;19.370968;
83446;30/06/2008;0000;59.8;27.13;18.5;
83446;31/07/2008;0000;45.1;26.290323;16.432258;
83446;31/08/2008;0000;38.7;27.583871;17.432258;
83446;30/09/2008;0000;26.2;28.903333;18.866667;
83446;31/10/2008;0000;21.7;31.422581;20.258065;
83446;30/11/2008;0000;157.4;29.793333;21.353333;
83446;31/12/2008;0000;98.1;30.090323;21.558065;
83446;31/01/2009;0000;156.2;31.064516;22.270968;
83446;28/02/2009;0000;36.3;32.339286;22.128571;
83446;31/03/2009;0000;201.9;32.687097;22.758065;
83446;30/04/2009;0000;215;29.196667;22.010345;
83446;31/05/2009;0000;85.9;27.622581;19.574194;
83446;30/06/2009;0000;107;26.69;18.88;
83446;31/07/2009;0000;27.8;27.454839;18.332258;
83446;31/08/2009;0000;57.1;26.964516;18.377419;
83446;30/09/2009;0000;50.5;29.68;19.51;
83446;31/10/2009;0000;192.5;29.487097;21.116129;
83446;30/11/2009;0000;26.5;31.566667;21.256667;
83446;31/12/2009;0000;125.8;33.119355;22.296774;
83446;31/01/2010;0000;53.9;33.63;22.345161;
83446;28/02/2010;0000;58.6;32.55;22.453571;
83446;31/03/2010;0000;221.3;31.990323;22.636667;
83446;30/04/2010;0000;113.8;29.85;21.646667;
83446;31/05/2010;0000;54.1;29.003226;20.496774;
83446;30/06/2010;0000;13.9;26.9;18.063333;
83446;31/07/2010;0000;62.3;26.125806;18.548387;
83446;31/08/2010;0000;23.1;26.222581;16.816129;
83446;30/09/2010;0000;54.8;27.74;18.006667;
83446;31/10/2010;0000;64.5;28.777419;20.545161;
83446;30/11/2010;0000;237.7;29.85;21.373333;
83446;31/12/2010;0000;137.3;31.335484;22.054839;
83446;31/01/2011;0000;87;30.919355;21.822581;
83446;28/02/2011;0000;54.3;31.653571;21.7;
83446;31/03/2011;0000;262;31.6;22.216129;
83446;30/04/2011;0000;276.4;29.05;21.453333;
83446;31/05/2011;0000;55;27.503226;19.125806;
83446;30/06/2011;0000;8.2;27.036667;18.35;
83446;31/07/2011;0000;51.1;;17.083871;
83446;31/08/2011;0000;6.8;;17.729032;
83446;30/09/2011;0000;4;;17.466667;
83446;31/10/2011;0000;240.9;;20.219355;
83446;30/11/2011;0000;144.1;;19.923333;
83446;31/12/2011;0000;204.8;;21.341935;
83446;31/01/2012;0000;77.1;;21.209677;
83446;29/02/2012;0000;67;;20.848276;
83446;31/03/2012;0000;54.6;;21.045161;
83446;30/04/2012;0000;14.3;;20.846667;
83446;31/05/2012;0000;65.2;;19.76;
83446;30/06/2012;0000;47.9;;19.033333;
83446;31/07/2012;0000;47.2;;17.435484;
83446;31/08/2012;0000;137.6;;17.574194;
83446;30/09/2012;0000;64.6;;18.86;
83446;31/10/2012;0000;63.5;;19.535484;
83446;30/11/2012;0000;207;28.83;21.473333;
83446;31/12/2012;0000;11.2;32.719355;21.653333;
83446;31/01/2013;0000;110.5;31.483871;22.122581;
83446;28/02/2013;0000;34.8;32.064286;21.682143;
83446;31/03/2013;0000;25;33.080645;22.273333;
83446;30/04/2013;0000;131.6;29.54;21.133333;
83446;31/05/2013;0000;36.2;28.264516;19.883871;
83446;30/06/2013;0000;91.1;27.11;19.553333;
83446;31/07/2013;0000;59.5;26.516129;18.558065;
83446;31/08/2013;0000;92.5;26.522581;17.793333;
83446;30/09/2013;0000;86.7;27.003333;19.14;
83446;31/10/2013;0000;73.7;27.870968;19.625806;
83446;30/11/2013;0000;280.1;29.376667;20.506667;
83446;31/12/2013;0000;260;29.967742;22.109677;
83446;31/01/2014;0000;69.2;30.280645;21.696774;
83446;28/02/2014;0000;71.9;30.439286;20.942857;
83446;31/03/2014;0000;102;30.093548;21.632258;
83446;30/04/2014;0000;54.4;30.35;21.223333;
83446;31/05/2014;0000;41.4;28.693548;19.464516;
83446;30/06/2014;0000;121;26.826667;18.693333;
83446;31/07/2014;0000;143.1;25.83871;18.5;
83446;31/08/2014;0000;18.3;26.809677;17.367742;
83446;30/09/2014;0000;20.9;28.233333;18.396667;
83446;31/10/2014;0000;127.1;28.796774;19.503226;
83446;30/11/2014;0000;116.2;28.666667;20.665517;
83446;31/12/2014;0000;119.7;29.76;20.948387;
83446;31/01/2015;0000;35.4;31.948387;21.412903;
83446;28/02/2015;0000;96;31.435714;21.8;
83446;31/03/2015;0000;75.9;32.13871;21.993548;
83446;30/04/2015;0000;41;30.693333;21.58;
83446;31/05/2015;0000;79.7;27.677419;20.03871;
83446;30/06/2015;0000;99.4;26.706897;19.44;
83446;31/07/2015;0000;74.3;26.325806;18.358065;
83446;31/08/2015;0000;77.6;26.170968;17.777419;
83446;30/09/2015;0000;2.4;30.81;19.343333;
83446;31/10/2015;0000;17.9;31.648387;20.570968;
83446;30/11/2015;0000;53.1;33.133333;22.253333;
83446;31/12/2015;0000;7.5;35.029032;22.377419;
83446;31/01/2016;0000;340.1;31.060714;23.1;
83446;29/02/2016;0000;0;34.2;22.548276;
83446;31/03/2016;0000;44.4;33.519355;22.583871;
83446;30/04/2016;0000;12.7;32.233333;21.51;
83446;31/05/2016;0000;18;30.141935;20.141935;
83446;30/06/2016;0000;13.6;28.13;19.163333;
83446;31/07/2016;0000;112.7;26.512903;18.606452;
83446;31/08/2016;0000;48.4;27.096774;18.458065;
83446;30/09/2016;0000;37.6;28.46;19.433333;
83446;31/10/2016;0000;183.1;29.067742;21.054839;
83446;30/11/2016;0000;236.5;28.76;21.13;
83446;31/12/2016;0000;124.5;30.741935;21.974194;
83446;31/01/2017;0000;22.5;32.183871;21.554839;
83446;28/02/2017;0000;175.7;30.346429;21.571429;
83446;31/03/2017;0000;71.1;31.806452;22.003226;
83446;30/04/2017;0000;82.2;29.733333;21.4;
83446;31/05/2017;0000;86.1;27.390323;19.93871;
83446;30/06/2017;0000;86.7;27.236667;19.066667;
83446;31/07/2017;0000;97.9;24.209677;17.229032;
83446;31/08/2017;0000;41.3;26.054839;16.877419;
83446;30/09/2017;0000;71.1;25.756667;17.88;
83446;31/10/2017;0000;4.6;29.693548;19.732258;
83446;30/11/2017;0000;92.2;29.26;20.816667;
83446;31/12/2017;0000;212.6;30.312903;22.009677;
83446;31/01/2018;0000;63.2;31.577419;21.86129;
83446;28/02/2018;0000;154.2;31.407143;21.535714;
83446;31/03/2018;0000;86.5;31.845161;22.570968;
83446;30/04/2018;0000;143.6;28.79;20.676667;
83446;31/05/2018;0000;75.8;27.703226;19.690323;
83446;30/06/2018;0000;58.8;26.61;18.7;
83446;31/07/2018;0000;47.4;26.848387;17.23871;
83446;31/08/2018;0000;8.4;28.293548;18.345161;
83446;30/09/2018;0000;12.5;29.29;19.086667;
83446;31/10/2018;0000;32.6;30.522581;20.822581;
83446;30/11/2018;0000;215.9;29.19;21.38;
83446;31/12/2018;0000;194.9;30.477419;21.448387;