--------------------
BDMEP - INMET
--------------------
Estação           : CAETITE - BA (OMM: 83339)
Latitude  (graus) : -14.06
Longitude (graus) : -42.48
Altitude  (metros): 882.47
Estação Operante
Inicio de operação: 01/01/1907
Periodo solicitado dos dados: 01/01/1970 a 01/01/2019
Os dados listados abaixo são os que encontram-se digitados no BDMEP
Hora em UTC
--------------------
Obs.: Os dados aparecem separados por ; (ponto e vírgula) no formato txt.
      Para o formato planilha XLS, siga as instruções
--------------------
Estacao;Data;Hora;PrecipitacaoTotal;TempMaximaMedia;TempMinimaMedia;
83339;31/01/1970;0000;386.4;27.358065;17.554839;
83339;28/02/1970;0000;68.5;27.282143;16.903571;
83339;31/03/1970;0000;60;28.096774;17.167742;
83339;30/04/1970;0000;49.8;26.81;16.876667;
83339;31/05/1970;0000;19.9;25.667742;15.6;
83339;30/06/1970;0000;25.8;24.783333;15.166667;
83339;31/07/1970;0000;36.3;23.622581;11.790323;
83339;31/08/1970;0000;14.7;25.725806;12.280645;
83339;30/09/1970;0000;4;27.833333;16.693333;
83339;31/10/1970;0000;191.1;27.541935;17.619355;
83339;30/11/1970;0000;306.9;28.15;17.98;
83339;31/12/1970;0000;42.1;28.258065;18.187097;
83339;31/03/1973;0000;242.2;28.975862;19.410345;
83339;30/04/1973;0000;2.6;27.826667;18.786667;
83339;31/05/1973;0000;7;27.925806;17.990323;
83339;30/06/1973;0000;0;27.43;16.76;
83339;31/07/1973;0000;9.8;26.435484;15.53871;
83339;31/08/1973;0000;1;28.251613;16.012903;
83339;30/09/1973;0000;5.1;28.95;17.458333;
83339;31/10/1973;0000;81.7;28.06129;17.267742;
83339;30/11/1973;0000;211.9;28.24;18.02;
83339;31/12/1973;0000;43.3;27.909677;17.764516;
83339;31/01/1974;0000;44.6;28.219355;17.616129;
83339;28/02/1974;0000;71.7;28.621429;18.171429;
83339;31/03/1974;0000;258.7;27.041935;18.383871;
83339;30/04/1974;0000;34.2;26.826667;17.57;
83339;31/05/1974;0000;12.1;25.719355;16.851613;
83339;30/06/1974;0000;1.4;25.216667;14.733333;
83339;31/07/1974;0000;6.1;23.609677;13.374194;
83339;31/08/1974;0000;6.3;25.903226;14.564516;
83339;30/09/1974;0000;3.7;27.5;15.876667;
83339;31/10/1974;0000;76.9;27.932258;;
83339;30/11/1974;0000;158.2;25.753333;17.848276;
83339;31/12/1974;0000;197.5;27.006452;17.545161;
83339;31/01/1975;0000;74.8;27.751613;18.132258;
83339;28/02/1975;0000;26.5;28.292857;18.046429;
83339;31/03/1975;0000;53.5;28.383871;18.351613;
83339;30/04/1975;0000;153.3;25.606667;17.943333;
83339;31/05/1975;0000;1.2;24.851613;15.741935;
83339;30/06/1975;0000;3.2;24.533333;15.236667;
83339;31/07/1975;0000;7.1;23.741935;14.483871;
83339;31/08/1975;0000;18.2;25;15.025806;
83339;30/09/1975;0000;0.5;26.806667;16.02;
83339;31/10/1975;0000;168.2;27.941935;17.93871;
83339;30/11/1975;0000;126.3;26.973333;17.766667;
83339;31/12/1975;0000;78.5;27.954839;17.458065;
83339;31/01/1976;0000;0;30.877419;17.893548;
83339;29/02/1976;0000;84.2;28.706897;18.4;
83339;31/03/1976;0000;1;30.5;18.370968;
83339;30/04/1976;0000;0;29.01;17.84;
83339;31/05/1976;0000;0.8;27.593548;17.045161;
83339;30/06/1976;0000;1.3;25.91;15.16;
83339;31/07/1976;0000;12.5;24.767742;14.916129;
83339;31/08/1976;0000;1;26.635484;14.83871;
83339;30/09/1976;0000;10.8;29;17.14;
83339;31/10/1976;0000;146.9;25.706452;16.554839;
83339;30/11/1976;0000;265.1;25.67;17.903333;
83339;31/12/1976;0000;258.9;26.874194;17.241935;
83339;31/01/1977;0000;195.2;26.264516;17.780645;
83339;28/02/1977;0000;82.5;25.521429;17.253571;
83339;31/03/1977;0000;0.4;28.780645;17.4;
83339;30/04/1977;0000;82.8;27.09;17.63;
83339;31/05/1977;0000;52;24.432258;15.93871;
83339;30/06/1977;0000;15.6;23.983333;15.303333;
83339;31/07/1977;0000;19.8;24.267742;14.229032;
83339;31/08/1977;0000;2.4;27.225806;13.903226;
83339;30/09/1977;0000;36.7;26.036667;15.83;
83339;31/10/1977;0000;42.2;26.783871;16.758065;
83339;30/11/1977;0000;134.2;28.406667;18.116667;
83339;31/12/1977;0000;251.2;27.122581;17.958065;
83339;31/01/1978;0000;128.8;26.354839;17.603226;
83339;28/02/1978;0000;201.7;25.785714;17.432143;
83339;31/03/1978;0000;194.7;25.345161;17.041935;
83339;30/04/1978;0000;163.4;24.85;16.976667;
83339;31/05/1978;0000;11.4;24.816129;15.796774;
83339;30/06/1978;0000;23.2;22.306667;13.83;
83339;31/07/1978;0000;8.2;24.009677;14.380645;
83339;31/08/1978;0000;9.6;24.758065;13.596774;
83339;30/09/1978;0000;2.7;;15.363333;
83339;31/10/1978;0000;59.9;;16.951613;
83339;30/11/1978;0000;114.7;;16.844828;
83339;31/12/1978;0000;189.5;;17.358065;
83339;31/01/1979;0000;320;;17.909677;
83339;28/02/1979;0000;251.4;26.105882;17.464286;
83339;31/03/1979;0000;79.3;26.777419;;
83339;30/04/1979;0000;34.4;25.45;;
83339;31/05/1979;0000;6.8;25.33871;;
83339;30/06/1979;0000;10.5;22.36;;
83339;31/07/1979;0000;0.2;23.822581;;
83339;31/08/1979;0000;9.7;25.541935;15.090323;
83339;30/09/1979;0000;1.3;;15.96;
83339;31/10/1979;0000;51.5;;17.409677;
83339;30/11/1979;0000;250.5;;17.906667;
83339;31/12/1979;0000;154.2;29.342857;18.367742;
83339;31/01/1980;0000;234.3;;18.53871;
83339;29/02/1980;0000;279.1;;18.9375;
83339;31/03/1980;0000;32.8;;17.335484;
83339;30/04/1980;0000;40.3;;17.463333;
83339;31/05/1980;0000;2.1;;16.693548;
83339;30/06/1980;0000;16.2;;15.73;
83339;31/07/1980;0000;4;;14.332258;
83339;31/08/1980;0000;6.8;25.670968;14.622581;
83339;30/09/1980;0000;25.8;27.343333;16.453333;
83339;31/10/1980;0000;12.4;28.264516;16.796774;
83339;30/11/1980;0000;33.3;27.64;18.29;
83339;31/12/1980;0000;302.3;25.948387;18.309677;
83339;31/01/1986;0000;105.4;26.696774;17.803226;
83339;28/02/1986;0000;60.5;27.332143;18.242857;
83339;31/03/1986;0000;44.5;27.577419;17.967742;
83339;30/04/1986;0000;14;28.066667;17.95;
83339;31/05/1986;0000;1.6;26.925806;16.877419;
83339;31/07/1986;0000;1.1;24.854839;14.554839;
83339;31/08/1986;0000;7.6;27.203226;15.63871;
83339;31/10/1986;0000;79.6;26.745161;16.396774;
83339;31/12/1986;0000;198.7;27.893548;18.083871;
83339;31/01/1987;0000;66.9;29.006452;18.406452;
83339;28/02/1987;0000;24.2;30.396429;18.767857;
83339;31/03/1987;0000;105.2;27.8;19.112903;
83339;30/04/1987;0000;12.5;27.686667;18.386667;
83339;31/05/1987;0000;14;28.396774;17.406452;
83339;30/06/1987;0000;5.6;26.083333;16.003333;
83339;31/07/1987;0000;3.4;25.729032;15.73871;
83339;31/08/1987;0000;1;27.7;15.812903;
83339;30/09/1987;0000;6;28.13;17.153333;
83339;31/10/1987;0000;35.2;30.935484;18.596774;
83339;30/11/1987;0000;135.4;27.846667;19.373333;
83339;31/12/1987;0000;191.5;26.606452;19.167742;
83339;31/01/1988;0000;50.9;28.248387;18.916129;
83339;29/02/1988;0000;34.1;30.9;19.155172;
83339;31/03/1988;0000;239.6;27.074194;19.106452;
83339;30/04/1988;0000;9.5;27.106667;18.476667;
83339;31/05/1988;0000;13.4;27.709677;17.312903;
83339;30/06/1988;0000;15.6;25.073333;15.343333;
83339;31/08/1988;0000;3;24.658065;13.916129;
83339;30/09/1988;0000;18.8;27.23;15.586667;
83339;31/10/1988;0000;90.9;28.696774;17.729032;
83339;30/11/1988;0000;52.8;27.883333;17.963333;
83339;31/12/1988;0000;224.5;26.4;17.541935;
83339;28/02/1989;0000;41.4;30.278571;18.385714;
83339;31/03/1989;0000;134.3;27.896774;18.806452;
83339;31/01/1993;0000;51.2;27.346667;16.476667;
83339;28/02/1993;0000;27.2;28.285714;17.067857;
83339;31/03/1993;0000;0;30.835484;17.077419;
83339;30/04/1993;0000;13.6;29.143333;17.6;
83339;31/05/1993;0000;25.8;26.970968;15.983871;
83339;30/06/1993;0000;0.9;25.32;13.843333;
83339;31/07/1993;0000;10.4;25.851613;13.896774;
83339;31/08/1993;0000;1.2;26.954839;14.348387;
83339;30/09/1993;0000;1.8;29.663333;16.223333;
83339;31/10/1993;0000;16.4;29.687097;17.019355;
83339;30/11/1993;0000;48.6;30.373333;17.543333;
83339;31/12/1993;0000;228.7;28.106452;17.677419;
83339;31/01/1994;0000;94.8;28.119355;17.851613;
83339;28/02/1994;0000;51.4;30.207143;18.325;
83339;31/03/1994;0000;182.1;26.64;17.435484;
83339;30/04/1994;0000;105.5;;16.97;
83339;31/05/1994;0000;3.6;;15.658065;
83339;30/06/1994;0000;2.5;;14.556667;
83339;31/07/1994;0000;5.6;;13.690323;
83339;31/08/1994;0000;0;;13.264516;
83339;30/09/1994;0000;8.9;;14.593333;
83339;31/10/1994;0000;53;;16.574194;
83339;30/11/1994;0000;181.9;;18.086667;
83339;31/12/1994;0000;61.1;;18.670968;
83339;31/01/1995;0000;37.8;;18.980645;
83339;28/02/1995;0000;48.6;;19.578571;
83339;31/03/1995;0000;102;;19.525806;
83339;30/04/1995;0000;102;;18.856667;
83339;31/05/1995;0000;8.1;;18.219355;
83339;30/06/1995;0000;1.4;;15.866667;
83339;31/07/1995;0000;15.8;;15.390323;
83339;31/08/1995;0000;2.8;;15.248387;
83339;30/09/1995;0000;7;;16.18;
83339;31/10/1995;0000;156.6;;18.180645;
83339;30/11/1995;0000;182.5;;18.05;
83339;31/12/1995;0000;158.4;;18.729032;
83339;31/01/1996;0000;9.9;;18.248387;
83339;29/02/1996;0000;54.7;;18.62069;
83339;31/03/1996;0000;9.9;;20.012903;
83339;30/04/1996;0000;75.2;;18.706667;
83339;31/05/1996;0000;1;;16.945161;
83339;30/06/1996;0000;10.5;;15.373333;
83339;31/07/1996;0000;0;;14.451613;
83339;31/08/1996;0000;3.7;26.211111;15.890323;
83339;30/09/1996;0000;1.4;28.17;17.03;
83339;31/10/1996;0000;101.6;28.825806;18.86129;
83339;30/11/1996;0000;222.7;26.916667;18.893333;
83339;31/12/1996;0000;155.4;28.432258;19.125806;
83339;31/01/1997;0000;184.9;27.187097;19.180645;
83339;28/02/1997;0000;27.6;28.060714;18.732143;
83339;31/03/1997;0000;234.4;25.564516;18.748387;
83339;30/04/1997;0000;118.2;25.096667;18.053333;
83339;31/05/1997;0000;5.2;23.022581;16.43871;
83339;30/06/1997;0000;9.3;24.99;15.36;
83339;31/07/1997;0000;32;22.97;14.62;
83339;31/08/1997;0000;0;25.219355;14.474194;
83339;30/09/1997;0000;35.8;30.75;18.313333;
83339;31/10/1997;0000;47.4;29.845161;19.058065;
83339;30/11/1997;0000;94;29.943333;19.283333;
83339;31/12/1997;0000;124.6;29.612903;19.722581;
83339;31/01/1998;0000;94.3;29.93871;20.090323;
83339;28/02/1998;0000;165.3;30.478571;20.407143;
83339;31/03/1998;0000;36.6;30.754839;20.53871;
83339;30/04/1998;0000;4;30.716667;19.963333;
83339;31/05/1998;0000;6.9;28.312903;18.219355;
83339;30/06/1998;0000;1;25.563333;16.11;
83339;31/07/1998;0000;1.4;26.019355;16.23871;
83339;31/08/1998;0000;5.6;27.087097;16.748387;
83339;30/09/1998;0000;0;28.786667;17.123333;
83339;31/10/1998;0000;9;29.951613;18.7;
83339;30/11/1998;0000;339.8;26.896667;19.176667;
83339;31/12/1998;0000;121.3;27.135484;18.764516;
83339;31/01/1999;0000;93.2;27.612903;18.909677;
83339;28/02/1999;0000;143.8;28.953571;19.042857;
83339;31/03/1999;0000;172.5;27.103226;18.841935;
83339;30/04/1999;0000;8.4;26.89;18.446667;
83339;31/05/1999;0000;32.1;26.290323;17.119355;
83339;30/06/1999;0000;10.9;25.556667;16.336667;
83339;31/07/1999;0000;10.5;24.103226;15.416129;
83339;31/08/1999;0000;20.1;24.835484;14.829032;
83339;30/09/1999;0000;46.3;26.446667;15.786667;
83339;31/10/1999;0000;72.4;26.9;17.236667;
83339;30/11/1999;0000;344.2;25.363333;17.783333;
83339;31/12/1999;0000;167.9;26.229032;18.703704;
83339;31/01/2000;0000;78.6;27.464516;;
83339;29/02/2000;0000;18;28.751724;;
83339;31/03/2000;0000;28.6;28.03871;;
83339;30/04/2000;0000;66.9;27.496667;;
83339;31/05/2000;0000;3.7;27.335484;;
83339;30/06/2000;0000;1.8;25.51;;
83339;31/07/2000;0000;24.5;25.174194;;
83339;31/08/2000;0000;1.2;27.316129;16.1125;
83339;30/09/2000;0000;25.6;27.043333;16.583333;
83339;31/10/2000;0000;12;30.53871;17.909677;
83339;30/11/2000;0000;138.8;27.793333;18.493333;
83339;31/12/2000;0000;357.2;26.419355;18.967742;
83339;31/01/2001;0000;47;27.109677;17.864516;
83339;28/02/2001;0000;4.4;30.060714;19.135714;
83339;31/03/2001;0000;84.5;28.180645;18.929032;
83339;30/04/2001;0000;16.6;28.213333;18.293333;
83339;31/05/2001;0000;11.7;28.522581;18.151613;
83339;30/06/2001;0000;14.8;25.3;16.09;
83339;31/07/2001;0000;17.8;25.590323;15.348387;
83339;31/08/2001;0000;13;25.064516;15.1;
83339;30/09/2001;0000;11.3;28.233333;16.71;
83339;31/10/2001;0000;96.4;28.019355;18.083871;
83339;30/11/2001;0000;141.1;28.706667;18.93;
83339;31/12/2001;0000;141.1;27.896774;18.641935;
83339;31/01/2002;0000;225.1;27.232258;18.793548;
83339;28/02/2002;0000;105.2;28.035714;18.832143;
83339;31/03/2002;0000;30.2;28.277419;18.548387;
83339;30/04/2002;0000;23.4;28.236667;18.896667;
83339;31/05/2002;0000;7.6;27.454839;16.774194;
83339;30/06/2002;0000;19;24.92;16.33;
83339;31/07/2002;0000;9.8;25.954839;16.022581;
83339;31/08/2002;0000;15.4;26.506452;15.822581;
83339;30/09/2002;0000;57.2;27.703333;17.353333;
83339;31/10/2002;0000;6.5;29.916129;17.429032;
83339;30/11/2002;0000;79.1;29.32;18.372414;
83339;31/12/2002;0000;233;29.858065;19.080645;
83339;31/01/2003;0000;87.9;28.4;19.286667;
83339;28/02/2003;0000;9.6;29.460714;19.1;
83339;31/03/2003;0000;115.5;29.825806;19.545161;
83339;30/04/2003;0000;48.8;28.736667;19.133333;
83339;31/05/2003;0000;15.5;27.623333;17.690323;
83339;30/06/2003;0000;5.4;25.903333;15.893333;
83339;31/07/2003;0000;10.2;25.112903;14.712903;
83339;31/08/2003;0000;8.7;26.436667;15.932258;
83339;30/09/2003;0000;19;28.133333;16.626667;
83339;31/10/2003;0000;2;29.806452;17.56129;
83339;30/11/2003;0000;89.3;29.7;18.536667;
83339;31/12/2003;0000;82.5;30.619355;19.645161;
83339;31/01/2004;0000;343.2;26.583871;19.322581;
83339;29/02/2004;0000;108.3;27.096552;19.044828;
83339;31/03/2004;0000;253.1;25.470968;18.432258;
83339;30/04/2004;0000;8.2;26.206667;18.236667;
83339;31/05/2004;0000;3.6;25.716129;17.580645;
83339;30/06/2004;0000;13.9;24.056667;15.926667;
83339;31/07/2004;0000;4.4;23.803226;14.703226;
83339;31/08/2004;0000;0;26.364516;15.629032;
83339;30/09/2004;0000;0.8;27.666667;15.746667;
83339;31/10/2004;0000;80.3;29.26129;17.877419;
83339;30/11/2004;0000;202.2;28.94;18.42;
83339;31/12/2004;0000;86.1;28.303226;18.358065;
83339;31/01/2005;0000;240.6;28.074194;19.441935;
83339;28/02/2005;0000;155.5;27.55;19.646429;
83339;31/03/2005;0000;106.7;27.922581;19.454839;
83339;30/04/2005;0000;11.7;27.323333;18.71;
83339;31/05/2005;0000;45;26.212903;17.23871;
83339;30/06/2005;0000;26.3;24.843333;15.853333;
83339;31/07/2005;0000;11.5;24.748387;14.925806;
83339;31/08/2005;0000;7.2;26.393548;15.690323;
83339;30/09/2005;0000;43.4;28.626667;17.046667;
83339;31/10/2005;0000;41.8;30.667742;17.732258;
83339;30/11/2005;0000;132.5;28.173333;18.466667;
83339;31/12/2005;0000;68.3;27.741935;18.732258;
83339;31/01/2006;0000;1.4;30.132258;18.529032;
83339;28/02/2006;0000;120;31.575;20.242857;
83339;31/03/2006;0000;217.5;28.151613;19.53871;
83339;30/04/2006;0000;115.9;26.12;18.61;
83339;31/05/2006;0000;39.2;24.674194;16.445161;
83339;30/06/2006;0000;25.1;23.223333;14.82;
83339;31/07/2006;0000;3.7;24.63871;14.448387;
83339;31/08/2006;0000;0.3;26.745161;15.793548;
83339;30/09/2006;0000;8.6;28.593333;16.733333;
83339;31/10/2006;0000;85.5;27.835484;18.709677;
83339;30/11/2006;0000;210.9;27.283333;18.413333;
83339;31/12/2006;0000;119.5;28.2;18.951613;
83339;31/01/2007;0000;101.2;29.906452;19.480645;
83339;28/02/2007;0000;176.5;26.878571;19.067857;
83339;31/03/2007;0000;32.4;27.590323;18.370968;
83339;30/04/2007;0000;18.7;27.746667;18.09;
83339;31/05/2007;0000;4.1;27.748387;17.025806;
83339;30/06/2007;0000;12.3;25.743333;15.643333;
83339;31/07/2007;0000;4.5;26.229032;15.15;
83339;31/08/2007;0000;3.1;25.93871;14.874194;
83339;30/09/2007;0000;7.8;27.396667;15.95;
83339;31/10/2007;0000;27;29.967742;17.93871;
83339;30/11/2007;0000;108.8;30.26;18.651724;
83339;31/12/2007;0000;259.6;27.841935;18.374194;
83339;31/01/2008;0000;82;27.980645;18.612903;
83339;29/02/2008;0000;81;29.003448;19.293103;
83339;31/03/2008;0000;127.1;27.548387;18.93871;
83339;30/04/2008;0000;58;27.8;19.116667;
83339;31/05/2008;0000;0;27.287097;17.090323;
83339;30/06/2008;0000;13.2;24.943333;15.826667;
83339;31/07/2008;0000;5;24.777419;14.409677;
83339;31/08/2008;0000;1.6;26.958065;15.390323;
83339;30/09/2008;0000;39.5;28.623333;16.56;
83339;31/10/2008;0000;5.4;30.63871;17.574194;
83339;30/11/2008;0000;175.1;28.003448;19.236667;
83339;31/12/2008;0000;160.2;27.145161;18.96129;
83339;31/01/2009;0000;54.3;28.203226;19.190323;
83339;28/02/2009;0000;43.4;30.1;19.017857;
83339;31/03/2009;0000;185.1;30.032258;19.812903;
83339;30/04/2009;0000;80.9;26.186667;19.256667;
83339;31/05/2009;0000;4.6;24.754839;17.177419;
83339;30/06/2009;0000;10.6;24.896667;16.39;
83339;31/07/2009;0000;17.3;25.83871;15.658065;
83339;31/08/2009;0000;1.2;26.790323;16.167742;
83339;30/09/2009;0000;13.6;30.466667;18.076667;
83339;31/10/2009;0000;209.7;29.374194;19.332258;
83339;30/11/2009;0000;44.8;29.65;18.676667;
83339;31/12/2009;0000;175.3;28.53871;19.596774;
83339;31/01/2010;0000;15.1;30.222581;19.158065;
83339;28/02/2010;0000;17.4;30.942857;19.814286;
83339;31/03/2010;0000;213.4;28.606452;20.203226;
83339;30/04/2010;0000;50.4;27.496667;18.913333;
83339;31/05/2010;0000;16.6;28.532258;18.658065;
83339;30/06/2010;0000;1.5;26.17;15.796667;
83339;31/07/2010;0000;18.4;25.070968;15.754839;
83339;31/08/2010;0000;6;25.751613;14.777419;
83339;30/09/2010;0000;0;28.173333;16.206667;
83339;31/10/2010;0000;71.6;31.325806;19.56129;
83339;30/11/2010;0000;146.7;28.683333;19.39;
83339;31/12/2010;0000;142;28.064516;19.267742;
83339;31/01/2011;0000;27.7;28.567742;19.074194;
83339;28/02/2011;0000;139.1;30.153571;19.246429;
83339;31/03/2011;0000;129.1;27.922581;19.687097;
83339;30/04/2011;0000;43.8;27.436667;18.763333;
83339;31/05/2011;0000;6.8;26.26129;17.248387;
83339;30/06/2011;0000;0.4;26.89;16.433333;
83339;31/07/2011;0000;17.2;25.880645;15.267742;
83339;31/08/2011;0000;1.2;27.803226;16.206452;
83339;30/09/2011;0000;0;27.373333;15.52;
83339;31/10/2011;0000;48;28.287097;18.196774;
83339;30/11/2011;0000;119;25.896667;17.903333;
83339;31/12/2011;0000;233.4;27.651613;18.664516;
83339;31/01/2012;0000;51.4;27.867742;18.596774;
83339;29/02/2012;0000;53.2;29.096552;18.503448;
83339;31/03/2012;0000;11.9;30.619355;19.067742;
83339;30/04/2012;0000;0;31.02;19.13;
83339;31/05/2012;0000;11.6;27.370968;17.564516;
83339;30/06/2012;0000;10.5;27.09;17.063333;
83339;31/07/2012;0000;12.1;26.312903;15.593548;
83339;31/08/2012;0000;12.7;25.390323;15.116129;
83339;30/09/2012;0000;3;29.163333;16.956667;
83339;31/10/2012;0000;0.4;30.667742;17.974194;
83339;30/11/2012;0000;454.9;26.443333;19.476667;
83339;31/12/2012;0000;45.9;30.373333;19.345161;
83339;31/01/2013;0000;202.6;29.322581;19.780645;
83339;28/02/2013;0000;0;29.921429;19.335714;
83339;31/03/2013;0000;87.3;31.11;20.057143;
83339;30/04/2013;0000;7.2;;19.13;
83339;31/05/2013;0000;7.4;28.557895;18.006452;
83339;30/06/2013;0000;8;26.866667;17.276667;
83339;31/07/2013;0000;11.8;26.548387;16.170968;
83339;31/08/2013;0000;5.4;26.787097;15.767742;
83339;30/09/2013;0000;9.1;28.52069;17.423333;
83339;31/10/2013;0000;30.1;29.525806;18.174194;
83339;30/11/2013;0000;73.3;30.173333;18.963333;
83339;31/12/2013;0000;292.5;27.432258;19.11;
83339;31/01/2014;0000;10.2;28.396774;18.609677;
83339;28/02/2014;0000;32.6;29.060714;18.753571;
83339;31/03/2014;0000;39.6;29.948387;19.364516;
83339;30/04/2014;0000;29.4;29.456667;19.223333;
83339;31/05/2014;0000;14.2;28.116129;17.748387;
83339;30/06/2014;0000;18.6;26.216667;16.73;
83339;31/07/2014;0000;5;25.7;15.983871;
83339;31/08/2014;0000;1;27.135484;15.470968;
83339;30/09/2014;0000;1;29.493103;17.006667;
83339;31/10/2014;0000;63.6;29.66129;17.829032;
83339;30/11/2014;0000;158.7;28.413333;18.75;
83339;31/12/2014;0000;182.4;27.616129;18.612903;
83339;31/01/2015;0000;1.6;30.035484;18.619355;
83339;28/02/2015;0000;107;;18.928571;
83339;31/03/2015;0000;42.6;;19.73871;
83339;30/04/2015;0000;97.6;;19.91;
83339;31/05/2015;0000;34.3;;17.622581;
83339;30/06/2015;0000;3.6;;16.506667;
83339;31/07/2015;0000;13.3;;16.177419;
83339;31/08/2015;0000;9.2;;15.609677;
83339;30/09/2015;0000;0;;17.373333;
83339;31/10/2015;0000;15.2;;19.1;
83339;30/11/2015;0000;72.6;;20.626667;
83339;31/12/2015;0000;26.2;;20.609677;
83339;31/01/2016;0000;401;;20.63871;
83339;29/02/2016;0000;14;;19.668966;
83339;31/03/2016;0000;0;;20.074194;
83339;30/04/2016;0000;0.6;;19.22;
83339;31/05/2016;0000;0.2;;18.125806;
83339;30/06/2016;0000;10.9;;17.136667;
83339;31/07/2016;0000;5.3;;15.880645;
83339;31/08/2016;0000;5.3;;16.648387;
83339;30/09/2016;0000;3.6;;17.196667;
83339;31/10/2016;0000;7.7;;19.180645;
83339;30/11/2016;0000;209.4;;19.133333;
83339;31/12/2016;0000;63.4;;19.577419;
83339;31/01/2017;0000;5.4;;19.493548;
83339;28/02/2017;0000;84.5;;19.492857;
83339;31/03/2017;0000;121.1;;19.736667;
83339;30/04/2017;0000;55;;18.846667;
83339;31/05/2017;0000;26.5;;17.777419;
83339;30/06/2017;0000;10.2;;16.416667;
83339;31/07/2017;0000;38;;14.232258;
83339;31/08/2017;0000;7.8;;15.154839;
83339;30/09/2017;0000;9;;15.906667;
83339;31/10/2017;0000;0.6;;18.035484;
83339;30/11/2017;0000;122;;18.906667;
83339;31/12/2017;0000;140.5;;19.413333;
83339;31/01/2018;0000;77;;19.306452;
83339;28/02/2018;0000;102.4;;19.510714;
83339;31/03/2018;0000;78.7;;19.741935;
83339;30/04/2018;0000;15.8;;18.55;
83339;31/05/2018;0000;18;;17.777419;
83339;30/06/2018;0000;21.8;;16.77;
83339;31/07/2018;0000;10.2;;15.483871;
83339;31/08/2018;0000;10.2;;16.916129;
83339;30/09/2018;0000;1;;17.65;
83339;31/10/2018;0000;34.5;;19.351613;
83339;30/11/2018;0000;126.9;;19.026667;
83339;31/12/2018;0000;121.2;;19.163333;