--------------------
BDMEP - INMET
--------------------
Estação           : CARAVELAS - BA (OMM: 83498)
Latitude  (graus) : -17.73
Longitude (graus) : -39.25
Altitude  (metros): 2.88
Estação Operante
Inicio de operação: 01/05/1930
Periodo solicitado dos dados: 01/01/1970 a 01/01/2019
Os dados listados abaixo são os que encontram-se digitados no BDMEP
Hora em UTC
--------------------
Obs.: Os dados aparecem separados por ; (ponto e vírgula) no formato txt.
      Para o formato planilha XLS, siga as instruções
--------------------
Estacao;Data;Hora;PrecipitacaoTotal;TempMaximaMedia;TempMinimaMedia;
83498;31/01/1970;0000;56.8;29.448387;22.987097;
83498;28/02/1970;0000;24.4;29.985714;22.735714;
83498;31/03/1970;0000;28.5;30.319355;22.241935;
83498;30/04/1970;0000;100.9;28.726667;21.75;
83498;31/05/1970;0000;62.8;28.125806;20.509677;
83498;30/06/1970;0000;88;26.85;19.706667;
83498;31/07/1970;0000;77;25.229032;18.719355;
83498;31/08/1970;0000;58.4;25.529032;18.822581;
83498;30/09/1970;0000;49.3;26.656667;19.983333;
83498;31/10/1970;0000;411.5;26.832258;21.316129;
83498;30/11/1970;0000;262.2;27.386667;21.443333;
83498;31/12/1970;0000;28.4;29.803226;22.522581;
83498;31/01/1973;0000;12;31.383871;23.648387;
83498;28/02/1973;0000;13;32.046429;24.082143;
83498;31/03/1973;0000;82.3;30.645161;24.03871;
83498;30/04/1973;0000;80.6;30.146667;23.236667;
83498;31/05/1973;0000;151.7;27.877419;21.13871;
83498;30/06/1973;0000;40.3;27.936667;20.603333;
83498;31/07/1973;0000;108.2;26.870968;19.741935;
83498;31/08/1973;0000;21;27.080645;18.86129;
83498;30/09/1973;0000;61;26.823333;20.033333;
83498;31/10/1973;0000;130.2;;;
83498;30/11/1973;0000;295.5;27.823333;21.61;
83498;31/12/1973;0000;140.5;29.47;22.980952;
83498;31/01/1974;0000;164.3;30.003226;23.158065;
83498;28/02/1974;0000;123;29.9;22.528571;
83498;31/03/1974;0000;125.9;29.619355;22.832258;
83498;30/04/1974;0000;201.1;28.77;22.16;
83498;31/05/1974;0000;162.3;27.906452;21.977419;
83498;30/06/1974;0000;94;26.333333;19.496667;
83498;31/07/1974;0000;14.3;25.496774;17.47931;
83498;31/08/1974;0000;91.9;26.325806;18.893548;
83498;30/09/1974;0000;47.4;27.353333;20.203448;
83498;31/10/1974;0000;96.3;28.106452;21.666667;
83498;30/11/1974;0000;222.8;27.606897;21.356667;
83498;31/12/1974;0000;289.4;28.986667;22.903226;
83498;31/01/1975;0000;144.9;29.453333;23.016129;
83498;28/02/1975;0000;43.7;30.921429;23.292857;
83498;31/03/1975;0000;136.7;30;23.235484;
83498;30/04/1975;0000;143;28.196667;21.866667;
83498;31/05/1975;0000;219.3;26.66129;20.374194;
83498;30/06/1975;0000;137;25.703448;19.486207;
83498;31/07/1975;0000;151.8;24.951613;18.945161;
83498;31/08/1975;0000;32.1;26.06129;18.516129;
83498;30/09/1975;0000;127.1;27.21;19.82;
83498;31/10/1975;0000;197.9;27.580645;21.870968;
83498;30/11/1975;0000;125;27.731034;22.56;
83498;31/12/1975;0000;64.2;28.806452;21.532258;
83498;31/01/1976;0000;24.4;30.283871;21.816129;
83498;29/02/1976;0000;78.5;;22.017241;
83498;31/03/1976;0000;71.7;;22.596774;
83498;30/04/1976;0000;110.7;;21.65;
83498;31/05/1976;0000;127.4;27.654839;21.103226;
83498;30/06/1976;0000;51.1;27.266667;19.136667;
83498;31/07/1976;0000;251.6;25.632258;19.270968;
83498;31/08/1976;0000;66;26.4;18.454839;
83498;30/09/1976;0000;48.6;27.32;20.946667;
83498;31/10/1976;0000;296.5;26.919355;20.635484;
83498;30/11/1976;0000;167.4;27.916667;22.546667;
83498;31/12/1976;0000;125.4;29.225806;22.764516;
83498;31/01/1977;0000;143.7;29.609677;23.06129;
83498;28/02/1977;0000;59.3;29.642857;23.389286;
83498;31/03/1977;0000;29.1;31.354839;22.722581;
83498;30/04/1977;0000;176.4;29.533333;22.52;
83498;31/05/1977;0000;167.9;27.103226;20.196774;
83498;30/06/1977;0000;108.6;26.536667;19.84;
83498;31/07/1977;0000;67.1;26.393548;18.925806;
83498;31/08/1977;0000;95.6;26.922581;17.83871;
83498;30/09/1977;0000;66.8;26.82;20.16;
83498;31/10/1977;0000;296.2;27.164516;21.135484;
83498;30/11/1977;0000;117.6;28.893333;22.643333;
83498;31/12/1977;0000;172.5;28.777419;22.541935;
83498;31/01/1978;0000;102.2;29.267742;22.574194;
83498;28/02/1978;0000;207.3;29.153571;23.05;
83498;31/03/1978;0000;57.3;29.796774;23.003226;
83498;30/04/1978;0000;274.9;28.353333;22.2;
83498;31/05/1978;0000;103.3;27.609677;20.745161;
83498;30/06/1978;0000;131.4;25.233333;19.293333;
83498;31/07/1978;0000;216.2;26;19.722581;
83498;31/08/1978;0000;41.9;26.1;18.774194;
83498;30/09/1978;0000;133.7;26.273333;19.32;
83498;31/10/1978;0000;38.5;27.703226;20.593548;
83498;30/11/1978;0000;107.6;28.628571;21.373333;
83498;31/12/1978;0000;173.6;;21.551613;
83498;31/01/1979;0000;316.1;;22.006452;
83498;28/02/1979;0000;62.3;;22.603571;
83498;31/03/1979;0000;279.3;;21.83871;
83498;30/04/1979;0000;79.8;;20.876667;
83498;31/05/1979;0000;66.9;28.5;20.819355;
83498;30/06/1979;0000;60.3;25.923333;18.67;
83498;31/07/1979;0000;118.2;25.496774;18.541935;
83498;31/08/1979;0000;110.2;26.087097;19.051613;
83498;30/09/1979;0000;48.7;26.386667;19.31;
83498;31/10/1979;0000;229.4;27.203226;21.6;
83498;30/11/1979;0000;136.3;28.203333;21.863333;
83498;31/12/1979;0000;34.7;30.187097;22.641935;
83498;31/01/1980;0000;288.3;29.33871;22.770968;
83498;29/02/1980;0000;175.1;29.693103;22.665517;
83498;31/03/1980;0000;32.8;29.764516;21.764516;
83498;30/04/1980;0000;88.8;29.373333;21.896667;
83498;31/05/1980;0000;124;27.864516;20.748387;
83498;30/06/1980;0000;87.8;26.516667;19.826667;
83498;31/07/1980;0000;83.3;26.254839;17.935484;
83498;31/08/1980;0000;55.1;26.770968;18.974194;
83498;30/09/1980;0000;144.3;26.296667;19.41;
83498;31/10/1980;0000;69.2;27.554839;20.345161;
83498;30/11/1980;0000;258.6;27.546667;21.103333;
83498;31/12/1980;0000;73;29.158065;22.816129;
83498;31/01/1986;0000;99.2;30.025806;22.732258;
83498;28/02/1986;0000;17.3;31.564286;23.482143;
83498;31/03/1986;0000;121.2;30.948387;23.077419;
83498;30/04/1986;0000;42.7;29.636667;22.293333;
83498;31/05/1986;0000;30;29.1;21.041935;
83498;31/07/1986;0000;99.5;25.687097;18.451613;
83498;31/08/1986;0000;9.9;27.580645;19.203226;
83498;31/10/1986;0000;122.4;27.022581;20.7;
83498;31/12/1986;0000;114.1;29.409677;;
83498;31/01/1987;0000;27;30.683871;;
83498;28/02/1987;0000;68.7;30.692857;;
83498;31/03/1987;0000;99.9;30.745161;;
83498;30/04/1987;0000;93.6;29.933333;;
83498;31/05/1987;0000;126.1;29.1;;
83498;30/06/1987;0000;57.9;27.123333;;
83498;31/07/1987;0000;94.1;27.183871;;
83498;31/08/1987;0000;49;26.864516;;
83498;30/09/1987;0000;49.3;27.756667;;
83498;31/10/1987;0000;43.4;30.319355;;
83498;30/11/1987;0000;167.2;29.003333;;
83498;31/12/1987;0000;146.7;29.277419;;
83498;31/01/1988;0000;24.1;31.477419;;
83498;29/02/1988;0000;20.8;32.013793;;
83498;31/03/1988;0000;263.5;30.670968;;
83498;30/04/1988;0000;136.7;29.93;;
83498;31/05/1988;0000;122;29.609677;;
83498;30/06/1988;0000;117.3;26.716667;;
83498;31/08/1988;0000;42.4;25.583871;;
83498;30/09/1988;0000;38.2;27.48;;
83498;31/10/1988;0000;168.3;28.016129;;
83498;30/11/1988;0000;269.9;27.496667;;
83498;31/12/1988;0000;197.2;28.606452;;
83498;31/01/1989;0000;21.8;30.806452;;
83498;28/02/1989;0000;10.4;32.307143;;
83498;31/03/1989;0000;97.9;30.863333;;
83498;31/01/1993;0000;23.4;30.722581;22.180645;
83498;28/02/1993;0000;128.6;30.314286;22.328571;
83498;31/03/1993;0000;8.1;31.667742;22.319355;
83498;30/04/1993;0000;151;30.1;22.663333;
83498;31/05/1993;0000;270;27.754839;20.867742;
83498;30/06/1993;0000;140;26.246667;19.216667;
83498;31/07/1993;0000;105.2;27.1;18.8;
83498;31/08/1993;0000;117.3;26.206452;18.383871;
83498;30/09/1993;0000;15.5;27.843333;20.186667;
83498;31/10/1993;0000;53.5;28.770968;21;
83498;30/11/1993;0000;35.2;29.956667;21.936667;
83498;31/12/1993;0000;209.1;29.796774;22.464516;
83498;31/01/1994;0000;178;30.670968;23.058065;
83498;28/02/1994;0000;107.1;30.85;22.853571;
83498;31/03/1994;0000;156.4;30.129032;22.903226;
83498;30/04/1994;0000;205.3;28.75;21.89;
83498;31/05/1994;0000;343;28.554839;21.080645;
83498;30/06/1994;0000;92;27.37;19.92;
83498;31/07/1994;0000;153.6;26.133333;18.580645;
83498;31/08/1994;0000;12.5;;17.348387;
83498;30/09/1994;0000;75.2;;18.71;
83498;31/10/1994;0000;53.7;;19.790323;
83498;30/11/1994;0000;173;;21.133333;
83498;31/12/1994;0000;27.5;;22.2;
83498;31/01/1995;0000;33;;22.122581;
83498;28/02/1995;0000;2.9;;22.975;
83498;31/03/1995;0000;239;;22.935484;
83498;30/04/1995;0000;511.4;;22.09;
83498;31/05/1995;0000;226.2;;21.412903;
83498;30/06/1995;0000;41.2;;18.553333;
83498;31/07/1995;0000;157.8;;19.187097;
83498;31/08/1995;0000;23.7;;17.741935;
83498;30/09/1995;0000;92.7;;18.883333;
83498;31/10/1995;0000;114.6;;20.687097;
83498;30/11/1995;0000;171.8;;20.826667;
83498;31/12/1995;0000;204.3;;21.980645;
83498;31/01/1996;0000;13.9;;22.058065;
83498;29/02/1996;0000;28.3;;22.293103;
83498;31/03/1996;0000;150.9;;22.632258;
83498;30/04/1996;0000;137.2;;21.11;
83498;31/05/1996;0000;47.4;;18.454839;
83498;30/06/1996;0000;70.8;;17.666667;
83498;31/07/1996;0000;16.6;;17.403226;
83498;31/08/1996;0000;44.5;25.745161;17.270968;
83498;30/09/1996;0000;73.6;27.086667;19.086667;
83498;31/10/1996;0000;117.9;28.083871;20.303226;
83498;30/11/1996;0000;334.4;28.016667;21.17;
83498;31/12/1996;0000;82;29.754839;21.787097;
83498;31/01/1997;0000;84;30.580645;21.674194;
83498;28/02/1997;0000;54;30.260714;21.446429;
83498;31/03/1997;0000;233.9;28.490323;21.012903;
83498;30/04/1997;0000;188.5;28.656667;20.173333;
83498;31/05/1997;0000;61.5;;18.619355;
83498;30/06/1997;0000;8.7;;17.076667;
83498;31/07/1997;0000;78;;16.374194;
83498;31/08/1997;0000;26.6;;16.174194;
83498;30/09/1997;0000;67.4;;19.703333;
83498;31/10/1997;0000;78.4;;20.43871;
83498;30/11/1997;0000;26.5;;21.58;
83498;31/12/1997;0000;108.9;;21.480645;
83498;31/01/1998;0000;81.5;;22.083871;
83498;28/02/1998;0000;17.8;;22.353571;
83498;31/03/1998;0000;108.8;31.980952;22.612903;
83498;30/04/1998;0000;51;30.856667;21.566667;
83498;31/05/1998;0000;231.4;29.158065;19.074194;
83498;30/06/1998;0000;87.8;26.37;17.153333;
83498;31/07/1998;0000;28.7;26.212903;17.554839;
83498;31/08/1998;0000;8.9;28.248387;20.119355;
83498;30/09/1998;0000;39;28.606667;20.57;
83498;31/10/1998;0000;106.2;28.812903;22.26129;
83498;30/11/1998;0000;381.4;27.84;22.65;
83498;31/12/1998;0000;80.4;30.1;23.174194;
83498;31/01/1999;0000;20.2;31.312903;23.677419;
83498;28/02/1999;0000;30.1;31.617857;23.35;
83498;31/03/1999;0000;132.7;30.522581;22.948387;
83498;30/04/1999;0000;212.7;29.3;22.683333;
83498;31/05/1999;0000;132.6;27.522581;20.229032;
83498;30/06/1999;0000;57.9;27.12;18.956667;
83498;31/07/1999;0000;228;26.383871;19.422581;
83498;31/08/1999;0000;145.3;25.741935;17.916129;
83498;30/09/1999;0000;31.2;26.943333;18.936667;
83498;31/10/1999;0000;94.6;26.44;19.99;
83498;30/11/1999;0000;383;27.496667;21.426667;
83498;31/12/1999;0000;204.9;29.1;22.583871;
83498;31/01/2000;0000;132.9;29.793548;23.177419;
83498;29/02/2000;0000;110.7;30.875862;23.247059;
83498;31/03/2000;0000;143.5;29.96129;23.283871;
83498;30/04/2000;0000;257.3;28.726667;22.463333;
83498;31/05/2000;0000;100.1;27.806452;20.93871;
83498;30/06/2000;0000;49.3;26.796667;19.02;
83498;31/07/2000;0000;176.3;26.029032;18.425806;
83498;31/08/2000;0000;57.6;26.164516;18.632258;
83498;30/09/2000;0000;311.4;26.76;19.983333;
83498;31/10/2000;0000;174.9;28.658065;21.306452;
83498;30/11/2000;0000;174.1;28.886667;22.006667;
83498;31/12/2000;0000;146.8;29.851613;22.554839;
83498;31/01/2001;0000;13.4;30.551613;22.151613;
83498;28/02/2001;0000;48.3;31.403571;22.914815;
83498;31/03/2001;0000;75.4;30.448387;22.916129;
83498;30/04/2001;0000;92.1;29.316667;22.07;
83498;31/05/2001;0000;250.3;27.96129;21.596774;
83498;30/06/2001;0000;100;26.733333;19.75;
83498;31/07/2001;0000;235.8;26.058065;18.66129;
83498;31/08/2001;0000;51.4;25.758065;18.254839;
83498;30/09/2001;0000;153.4;26.41;18.493333;
83498;31/10/2001;0000;181.3;26.390323;20.458065;
83498;30/11/2001;0000;150.9;28.7;22.396667;
83498;31/12/2001;0000;211.7;28.946667;22.906452;
83498;31/01/2002;0000;272.8;29.422581;22.425806;
83498;28/02/2002;0000;48.7;29.821429;23.185714;
83498;31/03/2002;0000;65.3;30.558065;23.480645;
83498;30/04/2002;0000;130.8;29.666667;22.78;
83498;31/05/2002;0000;84.1;28.719355;;
83498;30/06/2002;0000;111.8;27.209524;;
83498;31/07/2002;0000;105.7;26.92;;
83498;31/08/2002;0000;65.2;27.66;20.427778;
83498;30/09/2002;0000;184.7;26.87;21.36;
83498;31/10/2002;0000;53.5;28.753333;21.506667;
83498;30/11/2002;0000;120;29;22.493333;
83498;31/12/2002;0000;129.1;30.841935;23.451613;
83498;31/01/2003;0000;91.7;30.993548;24.293548;
83498;28/02/2003;0000;60.1;31.237037;23.923077;
83498;31/03/2003;0000;56;31.190323;23.677419;
83498;30/04/2003;0000;160;30.1;23.25;
83498;31/05/2003;0000;116.4;28.322581;21.46129;
83498;30/06/2003;0000;3.6;28.096667;18.63;
83498;31/07/2003;0000;131.6;26.945161;18.941935;
83498;31/08/2003;0000;78.8;26.635484;19.419355;
83498;30/09/2003;0000;72.6;27.343333;20.333333;
83498;31/10/2003;0000;54;28.16129;21.464516;
83498;30/11/2003;0000;122.2;29.54;23.29;
83498;31/12/2003;0000;91.3;30.73871;23.887097;
83498;31/01/2004;0000;159.7;29.712903;24.058065;
83498;29/02/2004;0000;156.7;30.407407;23.567857;
83498;31/03/2004;0000;359.5;29.254839;23.235484;
83498;30/04/2004;0000;137.5;29.096667;22.8;
83498;31/05/2004;0000;93.4;27.970968;22.122581;
83498;30/06/2004;0000;163.1;26.436667;20.003333;
83498;31/07/2004;0000;162.6;25.354839;18.970968;
83498;31/08/2004;0000;61.2;26.167742;18.564516;
83498;30/09/2004;0000;5.6;27.66;19.28;
83498;31/10/2004;0000;122.2;28.241935;21.483871;
83498;30/11/2004;0000;201.9;28.396667;22.776667;
83498;31/12/2004;0000;151.9;29.358065;23.212903;
83498;31/01/2005;0000;173.3;30.354839;23.793548;
83498;28/02/2005;0000;242.6;30.05;23.4;
83498;31/03/2005;0000;199.5;30.329032;24.112903;
83498;30/04/2005;0000;58.9;29.813333;23.093333;
83498;31/05/2005;0000;136.9;28.012903;22.267742;
83498;30/06/2005;0000;120.8;26.866667;20.5;
83498;31/07/2005;0000;58.2;26.143333;18.541935;
83498;31/08/2005;0000;89.2;26.545161;19.612903;
83498;30/09/2005;0000;113.9;27.073333;20.44;
83498;31/10/2005;0000;35.5;28.756667;20.933333;
83498;30/11/2005;0000;383.7;27.603333;21.626667;
83498;31/12/2005;0000;215.4;29.003226;22.1;
83498;31/01/2006;0000;25.6;30.419355;22.690323;
83498;28/02/2006;0000;20.8;31.857692;22.962963;
83498;31/03/2006;0000;143.2;30.577419;23.235484;
83498;30/04/2006;0000;144.9;29.14;22.865517;
83498;31/05/2006;0000;57.2;27.32069;20.289655;
83498;30/06/2006;0000;86.7;26.166667;19.166667;
83498;31/07/2006;0000;26.7;26.045161;17.458065;
83498;31/08/2006;0000;63.9;26.932258;19.474194;
83498;30/09/2006;0000;203.7;26.836667;19.856667;
83498;31/10/2006;0000;109.3;27.558065;21.587097;
83498;30/11/2006;0000;253.9;28.533333;22.123333;
83498;31/12/2006;0000;403.7;29.541935;23.135484;
83498;31/01/2007;0000;31.5;30.9;23.683871;
83498;28/02/2007;0000;160.5;29.917857;22.914286;
83498;31/03/2007;0000;53.3;30.776667;22.9;
83498;30/04/2007;0000;257.7;29.953333;22.073333;
83498;31/05/2007;0000;101;28.013793;20.287097;
83498;30/06/2007;0000;30.7;27.113333;18.296667;
83498;31/07/2007;0000;43.5;26.929032;18.319355;
83498;31/08/2007;0000;40.4;26.577419;18.664516;
83498;30/09/2007;0000;46;26.723333;18.483333;
83498;31/10/2007;0000;113.3;28.074194;19.687097;
83498;30/11/2007;0000;233.7;29.134483;21.993103;
83498;31/12/2007;0000;158.8;29.296667;21.906667;
83498;31/01/2008;0000;117.9;29.322581;21.703226;
83498;29/02/2008;0000;85;30.925;21.833333;
83498;31/03/2008;0000;213.2;30.967742;22.619355;
83498;30/04/2008;0000;8.6;31.32069;21.971429;
83498;31/05/2008;0000;64.8;28.129032;19.290323;
83498;30/06/2008;0000;241.7;26.98;18.523333;
83498;31/07/2008;0000;75.2;26.003226;16.470968;
83498;31/08/2008;0000;27.3;27.051613;17.051613;
83498;30/09/2008;0000;46.8;26.913333;18.748276;
83498;31/10/2008;0000;35.7;28.877419;20.212903;
83498;30/11/2008;0000;321.4;28.3;21.17;
83498;31/12/2008;0000;193.5;28.745161;21.470968;
83498;31/01/2009;0000;199;30.03871;22.235484;
83498;28/02/2009;0000;13.1;30.982143;22.342857;
83498;31/03/2009;0000;148.7;31.306897;22.282759;
83498;30/04/2009;0000;162.6;29.49;23.11;
83498;31/05/2009;0000;51.7;27.853333;20.916667;
83498;30/06/2009;0000;56.7;26.789655;19.682759;
83498;31/07/2009;0000;55.7;27.209677;19.119355;
83498;31/08/2009;0000;153.7;27.158065;19.845161;
83498;30/09/2009;0000;92.7;28.206897;21.4;
83498;31/10/2009;0000;242.4;28.277419;22.129032;
83498;30/11/2009;0000;45.9;29.773333;22.46;
83498;31/12/2009;0000;11.9;31.668966;22.658621;
83498;31/01/2010;0000;19.6;32.2;23.489655;
83498;28/02/2010;0000;34.6;32.189286;24.157143;
83498;31/03/2010;0000;175.2;31.322581;24.148276;
83498;30/04/2010;0000;257.6;29.053333;22.996667;
83498;31/05/2010;0000;187.3;28.267742;21.796774;
83498;30/06/2010;0000;64.5;26.38;19.75;
83498;31/07/2010;0000;79.5;26.274194;20.219355;
83498;31/08/2010;0000;56.2;25.970968;18.274194;
83498;30/09/2010;0000;91.1;26.926667;20.25;
83498;31/10/2010;0000;80.6;27.248387;22.248387;
83498;30/11/2010;0000;463.1;27.953333;22.393333;
83498;31/12/2010;0000;18.8;29.723333;23.49;
83498;31/01/2011;0000;33.1;30.503226;23.641935;
83498;28/02/2011;0000;24.8;31.065385;23.565385;
83498;31/03/2011;0000;201.8;30.056667;23.46;
83498;30/04/2011;0000;315.5;29.67931;22.886207;
83498;31/05/2011;0000;83.6;27.416129;20.358065;
83498;30/06/2011;0000;61.1;26.513793;19.689655;
83498;31/07/2011;0000;50.1;26.570968;18.509677;
83498;31/08/2011;0000;18.9;27.406452;19.141935;
83498;30/09/2011;0000;32.8;26.546667;19.513333;
83498;31/10/2011;0000;124.2;27.65;22.143333;
83498;30/11/2011;0000;242.2;26.743333;21.486667;
83498;31/12/2011;0000;161.7;29.006452;23;
83498;31/01/2012;0000;37.4;30.083871;22.922581;
83498;29/02/2012;0000;50.4;30.713793;22.855172;
83498;31/03/2012;0000;187;30.322581;22.993548;
83498;30/04/2012;0000;107.8;29.773333;22.693333;
83498;31/05/2012;0000;192.2;27.043333;20.16;
83498;30/06/2012;0000;112.4;27.18;20.473333;
83498;31/07/2012;0000;79.2;27.012903;19.106452;
83498;31/08/2012;0000;123.4;26.423333;20.113333;
83498;30/09/2012;0000;67.9;27.033333;20.58;
83498;31/10/2012;0000;126.5;28.025806;21.222581;
83498;30/11/2012;0000;310.1;28.123333;22.413333;
83498;31/12/2012;0000;13.6;30.696774;23.080645;
83498;31/01/2013;0000;67.1;31.07;22.71;
83498;28/02/2013;0000;15.1;31.583333;23.048;
83498;31/03/2013;0000;145.2;31.477419;23.3;
83498;30/04/2013;0000;117.3;28.673333;22.506667;
83498;31/05/2013;0000;36.9;28.112903;20.280645;
83498;30/06/2013;0000;79;27.71;20.424138;
83498;31/07/2013;0000;187.1;26.958065;19.890323;
83498;31/08/2013;0000;140.9;26.86129;19.512903;
83498;30/09/2013;0000;68.8;26.96;20.976667;
83498;31/10/2013;0000;175;27.5;21.719355;
83498;30/11/2013;0000;227.6;28.72069;21.937931;
83498;31/12/2013;0000;274.8;28.970968;23.106452;
83498;31/01/2014;0000;65.1;29.948387;23.23871;
83498;28/02/2014;0000;79.5;30.728571;22.960714;
83498;31/03/2014;0000;185.8;30.122581;23.06129;
83498;30/04/2014;0000;92;29.783333;22.303333;
83498;31/05/2014;0000;64.1;28.33871;20.887097;
83498;30/06/2014;0000;181.9;27.176667;19.936667;
83498;31/07/2014;0000;204.7;26.445161;19.783871;
83498;31/08/2014;0000;49.2;26.867742;18.867742;
83498;30/09/2014;0000;6.6;27.68;20.18;
83498;31/10/2014;0000;169.5;27.551613;20.583871;
83498;30/11/2014;0000;168.3;28.183333;22.326667;
83498;31/12/2014;0000;58.8;29.735484;22.4;
83498;31/01/2015;0000;16;31.206452;23;
83498;28/02/2015;0000;42;31.932143;23.742857;
83498;31/03/2015;0000;111.4;31.209677;23.209677;
83498;30/04/2015;0000;98;29.586667;22.703333;
83498;31/05/2015;0000;118.1;28.048387;21.574194;
83498;30/06/2015;0000;107.3;27.68;21.073333;
83498;31/07/2015;0000;94.6;26.826667;20.043333;
83498;31/08/2015;0000;36.5;26.874194;19.648387;
83498;30/09/2015;0000;12.7;28.986667;21.396667;
83498;31/10/2015;0000;48.6;29.648387;22.658065;
83498;30/11/2015;0000;29;30.636667;23.476667;
83498;31/12/2015;0000;20.5;32.009677;23.522581;
83498;31/01/2016;0000;182.5;30.448387;23.8;
83498;29/02/2016;0000;0.4;32.186207;24.127586;
83498;31/03/2016;0000;22.6;32.245161;23.951613;
83498;30/04/2016;0000;49.6;31.29;23.113333;
83498;31/05/2016;0000;125;28.948387;20.748387;
83498;30/06/2016;0000;54.7;26.813333;19.753333;
83498;31/07/2016;0000;86.8;26.819048;19.486364;
83498;31/08/2016;0000;62.5;;;
83498;30/09/2016;0000;20.6;;;
83498;31/10/2016;0000;78.4;;;
83498;30/11/2016;0000;175;;;
83498;31/12/2016;0000;84.3;;;
83498;31/01/2017;0000;47.3;;;
83498;28/02/2017;0000;85.9;;;
83498;31/03/2017;0000;50.5;;;
83498;30/04/2017;0000;289.5;;;
83498;31/05/2017;0000;145.4;;;
83498;30/06/2017;0000;110.1;;;
83498;31/07/2017;0000;113.4;;;
83498;31/08/2017;0000;137.9;;;
83498;30/09/2017;0000;75.6;;;
83498;31/10/2017;0000;5.8;;;
83498;30/11/2017;0000;137.7;;;
83498;31/12/2017;0000;308.3;;;
83498;31/01/2018;0000;62.2;;;
83498;28/02/2018;0000;175.4;;;
83498;31/03/2018;0000;28.6;32.190323;22.370968;
83498;30/04/2018;0000;164.6;30.013333;20.403333;
83498;31/05/2018;0000;125;28.767742;18.974194;
83498;30/06/2018;0000;99.3;28.456667;18.096667;
83498;31/07/2018;0000;56.8;28.503226;16.067742;
83498;31/08/2018;0000;28.4;28.687097;17.232258;
83498;30/09/2018;0000;30.2;28.926667;18.726667;
83498;31/10/2018;0000;241;29.835484;20.387097;
83498;30/11/2018;0000;180.8;29.86;20.806667;
83498;31/12/2018;0000;261.2;30.216129;20.877419;