--------------------
BDMEP - INMET
--------------------
Estação           : VITORIA DA CONQUISTA - BA (OMM: 83344)
Latitude  (graus) : -14.88
Longitude (graus) : -40.79
Altitude  (metros): 874.81
Estação Operante
Inicio de operação: 01/01/1936
Periodo solicitado dos dados: 01/01/1970 a 01/01/2019
Os dados listados abaixo são os que encontram-se digitados no BDMEP
Hora em UTC
--------------------
Obs.: Os dados aparecem separados por ; (ponto e vírgula) no formato txt.
      Para o formato planilha XLS, siga as instruções
--------------------
Estacao;Data;Hora;PrecipitacaoTotal;TempMaximaMedia;TempMinimaMedia;
83344;31/12/1975;0000;102.8;25.47619;16.471429;
83344;31/01/1976;0000;3.2;27.303226;15.825806;
83344;29/02/1976;0000;50.2;26.868966;17.151724;
83344;31/03/1976;0000;16.6;27.387097;17.064516;
83344;30/04/1976;0000;7.9;26.19;16.523333;
83344;31/05/1976;0000;0.6;25.63871;16.251613;
83344;30/06/1976;0000;14.7;23.613333;13.843333;
83344;31/07/1976;0000;34.5;22.148387;14.051613;
83344;31/08/1976;0000;4.1;23.964516;14.051613;
83344;30/09/1976;0000;23.9;26.776667;15.953333;
83344;31/10/1976;0000;83.2;24.145161;16.006452;
83344;30/11/1976;0000;225.8;24.743333;17.64;
83344;31/12/1976;0000;48.2;26.9;17.358065;
83344;31/01/1977;0000;111.8;25.551613;17.716129;
83344;28/02/1977;0000;79.8;24.846429;17.021429;
83344;31/03/1977;0000;2.4;27.622581;16.993548;
83344;30/04/1977;0000;67.3;25.743333;17.506667;
83344;31/05/1977;0000;35.4;23.03871;15.374194;
83344;30/06/1977;0000;30.1;21.983333;15.283333;
83344;31/07/1977;0000;18.7;21.932258;13.887097;
83344;31/08/1977;0000;5.4;24.56129;13.806452;
83344;30/09/1977;0000;132;23.543333;15.216667;
83344;31/10/1977;0000;36.2;24.496774;16.329032;
83344;30/11/1977;0000;62.1;27.16;17.506667;
83344;31/12/1977;0000;213.9;26.458065;17.312903;
83344;31/01/1978;0000;258.8;25.535484;17.445161;
83344;28/02/1978;0000;131.2;25.457143;17.921429;
83344;31/03/1978;0000;139.3;25.387097;17.435484;
83344;30/04/1978;0000;137.8;23.95;17.33;
83344;31/05/1978;0000;31.6;23.654839;16.009677;
83344;30/06/1978;0000;26.7;21.063333;14.386667;
83344;31/07/1978;0000;34.1;22.535484;15.13871;
83344;31/08/1978;0000;15;22.751613;13.558065;
83344;30/09/1978;0000;8.9;23.543333;14.46;
83344;31/10/1978;0000;33.4;26.212903;16.109677;
83344;30/11/1978;0000;66.6;25.966667;16.556667;
83344;31/12/1978;0000;76.4;25.412903;17.125806;
83344;31/01/1979;0000;162;25.693548;17.86129;
83344;28/02/1979;0000;92;25.764286;17.567857;
83344;31/03/1979;0000;62.4;25.712903;17.522581;
83344;30/04/1979;0000;59.4;24.646667;16.71;
83344;31/05/1979;0000;8.5;24.86129;15.206452;
83344;30/06/1979;0000;13.4;21.056667;13.48;
83344;31/07/1979;0000;9.5;22.374194;13.570968;
83344;31/08/1979;0000;13.6;23.383871;14.080645;
83344;30/09/1979;0000;2.5;24.59;14.37;
83344;31/10/1979;0000;73.5;25.858065;16.035484;
83344;30/11/1979;0000;165.9;25.3;16.873333;
83344;31/12/1979;0000;36;27.651613;17.851613;
83344;31/01/1980;0000;179.5;25.877419;17.96129;
83344;29/02/1980;0000;211.3;25.503448;17.441379;
83344;31/03/1980;0000;25.7;25.683871;16.354839;
83344;30/04/1980;0000;77.1;25.096667;16.886667;
83344;31/05/1980;0000;32.2;23.719355;15.796774;
83344;30/06/1980;0000;25;22.453333;15.016667;
83344;31/07/1980;0000;19.2;;13.703226;
83344;31/08/1980;0000;22.7;;13.532258;
83344;30/09/1980;0000;49.8;;15.19;
83344;31/10/1980;0000;30.4;26.533333;15.222581;
83344;30/11/1980;0000;65;25.47;16.09;
83344;31/12/1980;0000;182.6;26.022581;17.554839;
83344;31/01/1986;0000;26.6;27.367742;16.170968;
83344;28/02/1986;0000;19.3;28.103571;16.485714;
83344;31/03/1986;0000;46;27.209677;15.929032;
83344;30/04/1986;0000;31.5;27.503333;16.303333;
83344;31/05/1986;0000;32.6;25.632258;14.987097;
83344;31/07/1986;0000;3.6;22.835484;12.977419;
83344;31/08/1986;0000;102.3;25.180645;13.596774;
83344;31/10/1986;0000;69.9;25.180645;;
83344;31/12/1986;0000;96;27.187097;17.870968;
83344;31/01/1987;0000;0;;;
83344;28/02/1987;0000;25.1;28.275;17.591667;
83344;31/03/1987;0000;83.6;27.364516;18.222581;
83344;30/04/1987;0000;78.2;26.776667;17.476667;
83344;31/05/1987;0000;21.3;26.248387;17.167742;
83344;30/06/1987;0000;4.6;24.383333;15.013333;
83344;31/07/1987;0000;7.6;24.283871;14.841935;
83344;31/08/1987;0000;4.9;26.477419;14.041935;
83344;30/09/1987;0000;24.2;26.816667;15.5;
83344;31/10/1987;0000;38.7;29.374194;16.980645;
83344;30/11/1987;0000;303.3;26.903333;18.378571;
83344;31/12/1987;0000;192.6;26.987097;18.164286;
83344;31/01/1988;0000;20.1;27.935484;;
83344;29/02/1988;0000;2.1;29.606897;;
83344;31/03/1988;0000;66.6;27.425806;;
83344;30/04/1988;0000;35.3;27.213333;;
83344;31/05/1988;0000;1.3;26.98;;
83344;30/06/1988;0000;22.7;23.413333;;
83344;31/08/1988;0000;29.6;21.5;;
83344;30/09/1988;0000;11.8;24.953333;;
83344;31/10/1988;0000;75.1;26.409677;;
83344;30/11/1988;0000;40;26.353333;;
83344;31/12/1988;0000;183.5;26.425806;;
83344;31/01/1989;0000;4.4;28.545161;;
83344;28/02/1989;0000;70.1;29.421429;;
83344;31/03/1989;0000;34;27.970968;;
83344;31/01/1992;0000;339.6;26.016129;18.516129;
83344;31/12/1992;0000;186.5;25.248387;;
83344;31/01/1993;0000;46.8;27.564516;;
83344;28/02/1993;0000;139.2;27.160714;;
83344;31/03/1993;0000;1.2;29.080645;;
83344;30/04/1993;0000;9.6;28.253333;;
83344;31/05/1993;0000;33.2;24.903226;;
83344;30/06/1993;0000;20.5;23.526667;;
83344;31/07/1993;0000;9.1;23.929032;14.354839;
83344;31/08/1993;0000;1.2;24.274194;14.167742;
83344;30/09/1993;0000;3.8;27.786667;15.736667;
83344;31/10/1993;0000;34.6;27.590323;16.545161;
83344;30/11/1993;0000;25.2;28.663333;17.186667;
83344;31/12/1993;0000;93.5;28.080645;18.087097;
83344;31/01/1994;0000;20.3;29.009677;18.619355;
83344;28/02/1994;0000;90;29.746429;18.457143;
83344;31/03/1994;0000;250;27.503226;18.558065;
83344;30/04/1994;0000;52.3;24.726667;17.94;
83344;31/05/1994;0000;22.1;24.56129;17.006452;
83344;30/06/1994;0000;8.1;23.226667;15.433333;
83344;31/07/1994;0000;22.2;22.012903;14.590323;
83344;31/08/1994;0000;31.4;22.841935;13.803226;
83344;30/09/1994;0000;16.7;24.426667;14.936667;
83344;31/10/1994;0000;57.8;27.067742;16.190323;
83344;30/11/1994;0000;113.9;26.926667;17.136667;
83344;31/12/1994;0000;10.1;28.909677;18.06129;
83344;31/01/1995;0000;37.1;31.048387;18.716129;
83344;28/02/1995;0000;0.3;30.860714;18.925;
83344;31/03/1995;0000;87.8;28.935484;18.803226;
83344;30/04/1995;0000;60.4;25.76;18.456667;
83344;31/05/1995;0000;22.1;24.970968;17.941935;
83344;30/06/1995;0000;19.5;22.74;14.986667;
83344;31/07/1995;0000;96.3;22.03871;14.96129;
83344;31/08/1995;0000;13.2;23.622581;14.725806;
83344;30/09/1995;0000;33.1;24.736667;15.336667;
83344;31/10/1995;0000;115.1;27.703226;16.854839;
83344;30/11/1995;0000;105.7;26.343333;17.606667;
83344;31/12/1995;0000;239.3;26.832258;18.493548;
83344;31/01/1996;0000;21;27.770968;17.812903;
83344;29/02/1996;0000;39.8;29.234483;18.224138;
83344;31/03/1996;0000;26.6;30.080645;19.145161;
83344;30/04/1996;0000;26.4;26.933333;17.433333;
83344;31/05/1996;0000;0.5;25.883871;16.274194;
83344;30/06/1996;0000;16.9;23.716667;14.893333;
83344;31/07/1996;0000;5.3;23.46129;13.754839;
83344;31/08/1996;0000;14.6;23.519355;14.525806;
83344;30/09/1996;0000;6.6;25.95;15.73;
83344;31/10/1996;0000;64.9;27.451613;17.609677;
83344;30/11/1996;0000;144.3;26.526667;18.053333;
83344;31/12/1996;0000;24.3;28.76129;18.93871;
83344;31/01/1997;0000;147.5;28.158065;18.522581;
83344;28/02/1997;0000;79.6;26.164286;17.939286;
83344;31/03/1997;0000;351.4;24.819355;18.245161;
83344;30/04/1997;0000;175;25.216667;17.303333;
83344;31/05/1997;0000;19;22.374194;16.016129;
83344;30/06/1997;0000;20;23.58;15.74;
83344;31/07/1997;0000;19.6;21.858065;14.022581;
83344;31/08/1997;0000;10.5;23.758065;14.341935;
83344;30/09/1997;0000;6.6;28.343333;17.7;
83344;31/10/1997;0000;23.3;28.280645;18;
83344;30/11/1997;0000;117.5;28.866667;18.116667;
83344;31/12/1997;0000;39.3;29.419355;18.945161;
83344;31/01/1998;0000;150;29.103226;19.3;
83344;28/02/1998;0000;27.2;30.221429;19.282143;
83344;31/03/1998;0000;20.8;30.077419;19.325806;
83344;30/04/1998;0000;12;28.916667;18.833333;
83344;31/05/1998;0000;16.2;26.612903;16.435484;
83344;30/06/1998;0000;8.4;22.973333;15.25;
83344;31/07/1998;0000;6.2;23.66129;14.706452;
83344;31/08/1998;0000;10.8;25.632258;15.083871;
83344;30/09/1998;0000;2.6;27.013333;15.59;
83344;31/10/1998;0000;6.2;28.316129;16.445161;
83344;30/11/1998;0000;223.2;26.24;18.27;
83344;31/12/1998;0000;210.8;27.396774;18.148387;
83344;31/01/1999;0000;40.9;27.616129;18.064516;
83344;28/02/1999;0000;113.4;27.642857;17.85;
83344;31/03/1999;0000;113.1;27.254839;18.258065;
83344;30/04/1999;0000;37.4;25.216667;17.406667;
83344;31/05/1999;0000;43.7;24.112903;15.558065;
83344;30/06/1999;0000;14.8;23.806667;15.513333;
83344;31/07/1999;0000;65.5;21.777419;14.541935;
83344;31/08/1999;0000;33.8;21.641935;13.641935;
83344;30/09/1999;0000;35;24.663333;14.226667;
83344;31/10/1999;0000;31.7;24.506452;15.667742;
83344;30/11/1999;0000;181.7;24.97;16.973333;
83344;31/12/1999;0000;139.9;26.293548;17.574194;
83344;31/01/2000;0000;215;27.412903;18.748387;
83344;29/02/2000;0000;73.2;27.772414;18.196552;
83344;31/03/2000;0000;124.8;26.129032;18.170968;
83344;30/04/2000;0000;21.8;25.546667;17.196667;
83344;31/05/2000;0000;9.7;25.051613;15.987097;
83344;30/06/2000;0000;10.2;23.506667;14.893333;
83344;31/07/2000;0000;43.2;22.954839;13.97;
83344;31/08/2000;0000;2.2;23.941935;14.035484;
83344;30/09/2000;0000;23.8;24.573333;15.326667;
83344;31/10/2000;0000;1.9;28.145161;16.13871;
83344;30/11/2000;0000;148.4;27.163333;18.163333;
83344;31/12/2000;0000;332.2;25.709677;18.203226;
83344;31/01/2001;0000;40.1;26.593548;18.709677;
83344;28/02/2001;0000;4.8;29.882143;18.482143;
83344;31/03/2001;0000;121.2;27.677419;18.43871;
83344;30/04/2001;0000;10.5;26.74;17.81;
83344;31/05/2001;0000;13.9;27.47037;18.1;
83344;30/06/2001;0000;27.1;23.46;15.22;
83344;31/07/2001;0000;25.1;23.809677;14.746667;
83344;31/08/2001;0000;32.7;22.603226;14.006452;
83344;30/09/2001;0000;31.8;25.77;15.04;
83344;31/10/2001;0000;91.7;26.8;16.287097;
83344;30/11/2001;0000;7.2;28.87;17.403333;
83344;31/12/2001;0000;135.6;27.603226;17.241935;
83344;31/01/2002;0000;315;26.7;17.577419;
83344;28/02/2002;0000;130.5;27.617857;16.789286;
83344;31/03/2002;0000;45.3;26.858065;16.712903;
83344;30/04/2002;0000;37.6;26.42;16.666667;
83344;31/05/2002;0000;15.4;25.16129;14.496774;
83344;30/06/2002;0000;34.7;23.32;14.039286;
83344;31/07/2002;0000;19.6;23.658065;13.829032;
83344;31/08/2002;0000;21.4;24.387097;11.958065;
83344;30/09/2002;0000;68.3;26.02;14.113333;
83344;31/10/2002;0000;1.3;28.074194;14.803333;
83344;30/11/2002;0000;70.1;27.716667;15.824138;
83344;31/12/2002;0000;128.5;29.841935;16.93871;
83344;31/01/2003;0000;57.1;29.183333;17.566667;
83344;28/02/2003;0000;20.4;28.4;16.285714;
83344;31/03/2003;0000;40.8;29.441935;17.416129;
83344;30/04/2003;0000;64.2;27.12;17.066667;
83344;31/05/2003;0000;52.9;24.770968;16.126667;
83344;30/06/2003;0000;16.2;23.653333;12.866667;
83344;31/07/2003;0000;34.3;22.858065;12.545161;
83344;31/08/2003;0000;16.8;23.567742;13.867742;
83344;30/09/2003;0000;16.1;26.016667;14.633333;
83344;31/10/2003;0000;13.4;27.619355;15.593548;
83344;30/11/2003;0000;56;28.003333;16.65;
83344;31/12/2003;0000;24.1;30.851613;17.812903;
83344;31/01/2004;0000;167.6;27.812903;18.254839;
83344;29/02/2004;0000;234.6;27.1;17.82069;
83344;31/03/2004;0000;394.9;25.848387;18.051613;
83344;30/04/2004;0000;62;25.583333;16.753333;
83344;31/05/2004;0000;22.4;24.309677;16.309677;
83344;30/06/2004;0000;23.6;21.958621;14.1;
83344;31/07/2004;0000;24.6;21.26129;13.151613;
83344;31/08/2004;0000;2.2;23.958065;13.345161;
83344;30/09/2004;0000;2.4;25.786207;13.42069;
83344;31/10/2004;0000;20.1;27.4;15.867742;
83344;30/11/2004;0000;204.3;28;16.78;
83344;31/12/2004;0000;12.3;28.264516;16.754839;
83344;31/01/2005;0000;96.1;29.383871;17.541935;
83344;28/02/2005;0000;182.8;27.440741;17.722222;
83344;31/03/2005;0000;78.9;27.841935;17.083871;
83344;30/04/2005;0000;42.2;25.503333;16.343333;
83344;31/05/2005;0000;70.3;24.774194;14.687097;
83344;30/06/2005;0000;43.7;22.45;13.772414;
83344;31/07/2005;0000;16.9;21.877419;12.106452;
83344;31/08/2005;0000;20.8;23.593548;12.73871;
83344;30/09/2005;0000;12.5;25.73;14.07;
83344;31/10/2005;0000;0;28.796774;14.519355;
83344;30/11/2005;0000;101.9;26.69;16.663333;
83344;31/12/2005;0000;72.7;26.886667;17.4;
83344;31/01/2006;0000;24.5;28.219355;17.396667;
83344;28/02/2006;0000;75.8;31.288889;18.918519;
83344;31/03/2006;0000;179.6;27.819355;19.222581;
83344;30/04/2006;0000;101.4;25.466667;18.523333;
83344;31/05/2006;0000;53.4;23.593548;15.741935;
83344;30/06/2006;0000;32.1;21.243333;13.582759;
83344;31/07/2006;0000;11.4;22.454839;12.36129;
83344;31/08/2006;0000;7.7;24.306452;13.57931;
83344;30/09/2006;0000;21.4;25.885714;14.337931;
83344;31/10/2006;0000;81.6;26.06129;17.312903;
83344;30/11/2006;0000;235.4;26.596667;17.596667;
83344;31/12/2006;0000;83.8;27.406897;17.486207;
83344;31/01/2007;0000;74.5;29.456667;18.680645;
83344;28/02/2007;0000;190.5;26.6;;
83344;31/03/2007;0000;35.2;26.293333;;
83344;30/04/2007;0000;59.2;26.113793;;
83344;31/05/2007;0000;13.9;24.277419;;
83344;30/06/2007;0000;14.2;23.67;12.69;
83344;31/07/2007;0000;17.6;23.776667;13.343333;
83344;31/08/2007;0000;32.8;23.277419;12.932258;
83344;30/09/2007;0000;24;25.13;13.796552;
83344;31/10/2007;0000;4.8;27.348387;14.906452;
83344;30/11/2007;0000;99.4;28.544828;16.368966;
83344;31/12/2007;0000;232.7;27.243333;16.341176;
83344;31/01/2008;0000;114.9;27.21;;
83344;29/02/2008;0000;74;28.517857;;
83344;31/03/2008;0000;103.1;26.823333;;
83344;30/04/2008;0000;14.8;27.98;;
83344;31/05/2008;0000;1.1;25.970968;;
83344;30/06/2008;0000;22.2;22.927586;;
83344;31/07/2008;0000;13.8;23;;
83344;31/08/2008;0000;4.4;24.929032;;
83344;30/09/2008;0000;33.2;26.593333;;
83344;31/10/2008;0000;12.8;28.626667;12.72069;
83344;30/11/2008;0000;165.6;28.03;16.783333;
83344;31/12/2008;0000;94.7;26.383871;17.848387;
83344;31/01/2009;0000;161.3;27.635484;17.880645;
83344;28/02/2009;0000;36;27.717857;17.064286;
83344;31/03/2009;0000;126.8;29.451613;18.006452;
83344;30/04/2009;0000;195.1;25.53;17.883333;
83344;31/05/2009;0000;21.3;23.336667;15.743333;
83344;30/06/2009;0000;37;23.55;14.68;
83344;31/07/2009;0000;10.3;23.916129;13.590323;
83344;31/08/2009;0000;18.5;24.132258;13.719355;
83344;30/09/2009;0000;28.8;27.83;14.84;
83344;31/10/2009;0000;178;27.251613;18.467742;
83344;30/11/2009;0000;9.7;28.33;19.053333;
83344;31/12/2009;0000;56.4;28.973333;;
83344;31/01/2010;0000;50.1;29.074194;;
83344;28/02/2010;0000;7.4;29.353846;;
83344;31/03/2010;0000;176;28.609677;;
83344;30/04/2010;0000;77.5;25.958621;;
83344;31/05/2010;0000;17.4;26.229032;;
83344;30/06/2010;0000;20.3;23.696667;;
83344;31/07/2010;0000;43.9;22.23;;
83344;31/08/2010;0000;20.5;22.948387;;
83344;30/09/2010;0000;12.5;25.576667;;
83344;31/10/2010;0000;41.6;28.796552;16.372727;
83344;30/11/2010;0000;237.2;27.516667;16.936667;
83344;31/12/2010;0000;174.1;27.454839;17.764516;
83344;31/01/2011;0000;32.2;27.009677;17.067742;
83344;28/02/2011;0000;32.5;28.353571;17.042857;
83344;31/03/2011;0000;90.5;28.170968;18.212903;
83344;30/04/2011;0000;67.7;25.7;17.413793;
83344;31/05/2011;0000;21.1;23.664516;15.770968;
83344;30/06/2011;0000;7;23.923333;14.673333;
83344;31/07/2011;0000;25.6;23.63871;12.793103;
83344;31/08/2011;0000;6.5;25.533333;;
83344;30/09/2011;0000;11.2;24.965517;13.803333;
83344;31/10/2011;0000;73;26.203226;15.787097;
83344;30/11/2011;0000;109.5;24.123333;16.186667;
83344;31/12/2011;0000;115.6;27.093548;17.093548;
83344;31/01/2012;0000;17.3;27.358065;16.651613;
83344;29/02/2012;0000;29.3;27.737037;16.12963;
83344;31/03/2012;0000;12.2;28.990323;16.896774;
83344;30/04/2012;0000;1.7;29.466667;16.07;
83344;31/05/2012;0000;30.2;25.06129;15.387097;
83344;30/06/2012;0000;22.2;25.406667;15.016667;
83344;31/07/2012;0000;18;23.829032;13.045161;
83344;31/08/2012;0000;55.3;22.980645;12.9;
83344;30/09/2012;0000;6.7;26.12;14.003333;
83344;31/10/2012;0000;48.4;27.206452;15.193548;
83344;30/11/2012;0000;258.4;26.106667;17.531034;
83344;31/12/2012;0000;4;29.467742;16.254839;
83344;31/01/2013;0000;95.4;28.893548;17.293548;
83344;28/02/2013;0000;65.1;27.764286;16.3;
83344;31/03/2013;0000;2.1;30.058065;16.696774;
83344;30/04/2013;0000;59.3;26.236667;16.196667;
83344;31/05/2013;0000;11.4;25.567742;15.170968;
83344;30/06/2013;0000;35.3;24.003333;14.546667;
83344;31/07/2013;0000;17.1;23.767742;13.212903;
83344;31/08/2013;0000;20.4;23.677419;12.9;
83344;30/09/2013;0000;20.8;26.217241;14.293333;
83344;31/10/2013;0000;29.3;26.63871;14.33871;
83344;30/11/2013;0000;33.2;28.182759;15.31;
83344;31/12/2013;0000;232.7;27.567742;16.990323;
83344;31/01/2014;0000;59;26.95;15.354839;
83344;28/02/2014;0000;30.2;27.346429;15.014286;
83344;31/03/2014;0000;37.1;27.86129;16.087097;
83344;30/04/2014;0000;29;27.856667;15.456667;
83344;31/05/2014;0000;15.6;26.33871;14.332258;
83344;30/06/2014;0000;38.2;23.836667;13.316667;
83344;31/07/2014;0000;25.9;23.345161;12.322581;
83344;31/08/2014;0000;4.8;24.56129;11.809677;
83344;30/09/2014;0000;5.1;26.943333;13.210345;
83344;31/10/2014;0000;50.5;26.983871;13.841379;
83344;30/11/2014;0000;191.6;26.416667;15.176667;
83344;31/12/2014;0000;167;26.646667;15.16;
83344;31/01/2015;0000;7.4;28.193548;14.64;
83344;28/02/2015;0000;103;27.625;13.717857;
83344;31/03/2015;0000;54.6;28.55;13.986957;
83344;30/04/2015;0000;55.5;27.889655;16.06;
83344;31/05/2015;0000;28;24.567742;14.225806;
83344;30/06/2015;0000;34.4;23.556667;13.326667;
83344;31/07/2015;0000;22.1;23.677419;12.693548;
83344;31/08/2015;0000;43.8;23.393548;11.675862;
83344;30/09/2015;0000;0;29.126667;14.541379;
83344;31/10/2015;0000;23;29.693548;16.351613;
83344;30/11/2015;0000;55;31.42;17.58;
83344;31/12/2015;0000;56.1;31.26129;16.987097;
83344;31/01/2016;0000;215.2;27.596552;19.025806;
83344;29/02/2016;0000;1.9;29.460714;17.037931;
83344;31/03/2016;0000;18.4;29.967742;17.458065;
83344;30/04/2016;0000;7.8;28.64;16.736667;
83344;31/05/2016;0000;4.2;27.070968;15.658065;
83344;30/06/2016;0000;18.3;25.568966;15.066667;
83344;31/07/2016;0000;30.8;24.264516;14.087097;
83344;31/08/2016;0000;28.7;25.403226;14.196774;
83344;30/09/2016;0000;58.3;26.806667;14.606667;
83344;31/10/2016;0000;22.1;27.267742;16.464516;
83344;30/11/2016;0000;114.8;27.107143;16.793333;
83344;31/12/2016;0000;112.5;27.652;17.064516;
83344;31/01/2017;0000;3.3;29.954839;15.846667;
83344;28/02/2017;0000;75.8;28.107143;16.957143;
83344;31/03/2017;0000;116.9;28.690323;16.490323;
83344;30/04/2017;0000;83.1;25.934483;16.476667;
83344;31/05/2017;0000;27.2;24.664516;15.277419;
83344;30/06/2017;0000;39.5;23.993103;13.833333;
83344;31/07/2017;0000;86.8;20.312903;12.251613;
83344;31/08/2017;0000;15;23.158065;11.933333;
83344;30/09/2017;0000;36.3;23.14;;
83344;31/10/2017;0000;2.1;28.296774;;
83344;30/11/2017;0000;113.8;26.936667;;
83344;31/12/2017;0000;112.9;27.832258;;
83344;31/01/2018;0000;119.9;28.493548;;
83344;28/02/2018;0000;79.2;27.553571;;
83344;31/03/2018;0000;57.7;28.26129;;
83344;30/04/2018;0000;52.1;25.53;;
83344;31/05/2018;0000;40.7;24.416129;;
83344;30/06/2018;0000;31.1;23.35;;
83344;31/07/2018;0000;19.1;23.783871;;
83344;31/08/2018;0000;8.4;26.035484;;
83344;30/09/2018;0000;3.1;28.07;;
83344;31/10/2018;0000;43.4;28.396774;;
83344;30/11/2018;0000;158.3;26.423333;;
83344;31/12/2018;0000;140.7;27.329032;;